1538 5
1230 -0.317644 0.127962 -0.004115 0.534469 -0.244783
1520 -0.374764 0.279271 -0.138561 0.316619 -0.218735
1770 -0.113868 -0.064758 -0.122202 0.116917 -0.193603
1090 -0.564476 -0.119633 -0.133577 0.570513 -0.193421
1140 0.072457 0.384157 0.025869 0.232601 0.035638
430 -0.283511 -0.055957 -0.028626 0.195677 -0.157431
1720 -0.200142 0.105965 -0.138898 0.468283 -0.160097
1070 -0.250387 0.043845 -0.269247 0.621493 -0.067264
1750 -0.223696 0.032868 0.042496 -0.130351 -0.058192
1570 -0.063103 -0.080227 -0.063186 -0.073974 0.075458
410 -0.211828 0.005692 0.094674 -0.004651 -0.115612
810 -0.778375 0.284521 -0.187471 0.523917 -0.393409
1000 -0.493385 -0.188231 -0.013976 -0.154185 -0.101362
1270 -0.172053 0.150123 -0.239417 0.073554 -0.104888
1010 0.029747 0.324303 0.019938 0.567685 -0.067991
1500 -0.225769 0.076267 0.204555 0.554852 -0.170163
570 -0.289280 0.150373 -0.221851 0.220278 -0.168814
350 0.258441 -0.013005 -0.220103 -0.233655 0.072737
1630 -0.180956 0.042628 0.187852 -0.049214 0.007681
680 -0.074611 0.172092 -0.690028 -0.325250 -0.066806
650 -0.149027 0.068819 -0.334300 -0.538727 -0.196777
900 -0.001242 -0.047278 -0.480378 -0.263355 -0.224971
1600 -0.008894 -0.207984 -0.258493 -0.324387 -0.095286
1680 -0.194670 0.074937 -0.089494 0.043174 -0.157459
630 -0.653987 0.000471 -0.474943 -0.225250 -0.292597
510 0.078336 0.090405 -0.177956 -0.173893 0.165251
1610 -0.196570 0.085533 -0.049579 -0.112473 -0.014979
380 -0.437410 0.019727 -0.010739 -0.395851 -0.174312
1390 -0.166091 -0.257493 -0.259430 -0.103326 -0.054585
1490 0.087134 0.361347 -0.085701 -0.252003 0.251917
1130 -0.428812 -0.103990 0.024102 -0.195935 0.066834
910 -0.156934 0.270996 -0.408262 -0.018177 0.033646
750 -0.380487 0.033316 -0.458121 -0.254816 0.243031
1020 -0.082088 -0.040967 -0.365348 -0.176902 0.015681
490 -0.277729 -0.021361 -0.146894 -0.295364 -0.002077
590 -0.699571 0.166551 -0.532079 -0.579983 0.164930
860 0.027432 -0.278192 -0.040640 -0.510531 0.514960
1460 -0.327594 -0.406796 0.040582 -0.034044 -0.170554
1660 -0.070652 0.104689 -0.165173 -0.136666 -0.102489
730 -0.467784 0.086897 -0.320407 -0.229579 -0.018644
460 -0.113394 -0.052804 -0.298813 -0.116082 -0.030061
1200 -0.366547 0.232453 -0.346436 0.010200 -0.006969
720 0.171552 -0.289785 -0.114675 -0.510970 0.432214
1780 -0.134988 0.181508 -0.040446 -0.010103 0.107203
690 -0.030800 0.025830 -0.017387 -0.026591 0.325497
360 -0.346309 -0.111237 -0.048413 -0.023141 0.065318
420 -0.082518 -0.026659 -0.252679 0.079686 -0.021277
1480 0.036369 0.019924 0.014474 -0.104786 0.201025
1100 -0.149327 0.517446 -0.257667 -0.145109 0.252091
1850 -0.110987 0.110098 -0.024042 0.010866 -0.034936
1900 -0.179508 0.047034 -0.056204 0.061785 -0.013793
1870 0.056999 -0.100856 0.072933 -0.107893 0.057081
1260 -0.597042 0.044662 -0.010399 -0.018093 -0.046760
1330 -0.327144 -0.042626 -0.041198 -0.132055 0.083792
1410 -0.044220 0.261625 -0.022698 0.119199 0.054396
1400 -0.232120 -0.274654 0.059165 -0.180629 0.198802
990 -0.236367 0.201459 -0.069869 -0.102584 -0.113447
1030 -0.560136 -0.090804 -0.378463 -0.305118 0.069888
1740 -0.204075 0.036813 -0.119978 0.091653 0.015943
1560 -0.495719 0.019814 -0.029966 -0.061986 -0.048856
1290 -0.185516 -0.119493 -0.147444 -0.014333 -0.131357
1280 -0.081912 -0.032570 -0.001777 -0.190766 -0.014085
1220 -0.136479 -0.341845 0.158987 0.259286 -0.170287
400 -0.468368 -0.227545 -0.372056 -0.209885 -0.018121
1810 -0.092523 -0.095451 0.000445 0.049071 -0.110512
530 0.099826 0.066674 0.034192 -0.087104 -0.022189
1800 -0.116108 -0.082389 -0.001493 0.158610 -0.081907
1700 -0.065409 0.103885 -0.004131 0.125826 0.026569
1830 -0.114133 0.019486 -0.136120 -0.016149 0.019930
1820 -0.244921 0.036651 0.112845 0.062386 -0.153560
920 -0.337675 0.119561 -0.282023 0.061241 0.036999
780 -0.115580 0.084479 0.238266 0.065828 -0.112398
500 -0.354980 -0.220730 0.030182 -0.027229 0.026933
1590 -0.052084 -0.087419 -0.016094 0.039050 0.072772
600 -0.179031 -0.089047 -0.113638 -0.042264 0.068172
480 -0.020596 0.024396 0.212213 0.108470 -0.085160
1050 0.089251 -0.392065 0.348248 0.137498 0.001370
1690 -0.093563 -0.076448 -0.056437 0.231287 -0.064076
1470 -0.189061 -0.152324 0.114407 0.241893 -0.181843
1860 -0.075335 0.054171 0.058921 0.030730 0.006030
960 0.172041 0.106630 0.030345 0.100174 0.108762
760 -0.410579 -0.115841 0.172201 0.199535 -0.146384
1670 0.032069 -0.167872 0.041858 -0.033686 0.071500
1320 -0.186169 -0.065336 0.127924 0.153177 -0.166439
1060 -0.343404 -0.077797 0.177405 0.405474 -0.060491
1240 -0.126306 -0.046501 0.030528 -0.008055 -0.094040
1530 -0.380322 -0.230307 0.153144 0.208241 -0.183450
1650 -0.195192 -0.207819 0.195312 0.143610 -0.177586
1340 0.058704 -0.032353 -0.009284 -0.126950 0.021659
1510 -0.227466 0.099269 0.292997 0.006259 -0.228617
1180 -0.310142 0.234375 -0.164877 0.303765 -0.203834
1170 -0.319097 -0.243729 -0.051211 -0.373689 -0.109352
370 0.160397 0.061905 0.116182 0.004129 -0.005317
1380 -0.148829 0.069782 0.130172 -0.237302 -0.213718
1120 -0.010012 0.025300 0.303197 0.229849 -0.229136
1710 -0.117032 -0.143385 0.275473 -0.016730 -0.153507
790 0.054629 0.265067 0.317038 0.290928 -0.204744
840 0.324167 -0.232579 -0.147906 -0.090890 -0.015450
1110 -0.228521 -0.241073 0.250240 0.088276 -0.288142
1350 -0.101629 -0.034721 0.018741 0.131387 -0.202500
740 -0.855444 -0.110575 0.313612 0.689412 -0.478142
1300 0.087509 -0.139025 0.258605 -0.071530 -0.039420
880 0.267016 0.298981 0.216631 0.382194 -0.230401
1310 -0.220949 -0.069891 0.174391 0.037751 -0.185498
440 0.184762 -0.071459 0.148142 0.212982 -0.060507
870 -0.330640 -0.017007 0.167693 0.410319 -0.264413
950 -0.550618 0.001185 0.389051 0.607460 -0.403172
940 0.134745 0.101375 0.318376 0.364444 -0.104902
580 -0.017248 -0.069750 0.205017 0.264915 0.040477
520 0.012971 0.006697 -0.011546 -0.128067 -0.199544
1640 0.026982 -0.013825 -0.069006 -0.149680 -0.143999
980 -0.019472 -0.035157 0.144958 0.059134 -0.175647
1790 -0.052807 -0.152641 0.101941 0.100793 -0.097757
560 0.022759 0.085606 0.097961 0.059234 -0.011550
1360 -0.145816 -0.127523 0.018431 0.077307 -0.101413
470 0.002798 -0.134752 -0.064758 0.069786 0.002398
1620 0.125404 -0.042383 -0.042892 -0.192421 0.207970
1190 -0.185691 0.096228 0.071996 0.465127 -0.285407
620 -0.216178 0.127474 0.104985 0.207919 -0.070645
1370 0.022636 0.299350 0.061571 0.079887 0.093785
390 0.537447 0.149403 0.214177 0.322040 -0.002396
540 -0.034498 0.029878 0.005909 0.154618 -0.005266
800 0.263791 0.062678 0.199355 0.287253 -0.117523
1550 -0.243474 0.107822 -0.055265 0.365026 -0.188305
930 -0.030155 -0.036639 0.139533 0.172837 0.002368
820 0.556749 0.431254 0.259792 0.109035 -0.012047
610 -0.492225 0.018539 0.110892 0.377270 -0.073292
830 0.124319 0.113954 0.164951 0.387075 0.091368
1450 -0.334205 0.000113 0.154509 0.313374 -0.215170
850 -0.112876 0.318509 0.123587 0.434292 0.034918
710 -0.252943 0.104249 0.115446 0.097460 -0.192852
770 -0.311727 -0.041079 -0.284281 0.199963 -0.078231
1040 -0.251344 0.215524 0.032090 0.238736 -0.110310
890 0.014115 -0.036099 0.209879 0.021964 0.066841
1250 -0.138588 0.017652 0.066504 0.272712 -0.076053
1890 0.043796 0.168806 0.089869 0.060960 0.091134
1880 0.104995 -0.044936 0.084786 -0.111394 0.198727
700 -0.112133 0.224734 0.046207 0.071578 -0.226590
1430 0.037102 0.138899 0.096157 -0.002989 0.096271
450 0.245757 0.229749 0.280067 0.096304 -0.133679
1440 -0.082761 0.168901 -0.115776 0.350078 -0.120786
1160 -0.110127 0.333514 -0.057741 0.277705 -0.001074
550 -0.011844 0.189890 0.167141 -0.061080 -0.058618
1580 0.019034 0.266713 0.078915 0.013453 -0.035747
1730 0.094321 -0.048522 0.202919 0.100842 0.020309
1210 -0.291681 0.280373 0.298322 0.205871 -0.187790
1840 0.012862 0.085420 0.025240 0.189745 -0.065727
970 0.501793 -0.134586 0.170555 0.059371 0.151299
660 -0.728954 -0.032187 -0.103177 0.005309 -0.001493
1080 0.109111 0.402074 0.035521 0.204784 -0.037742
1420 0.304986 0.173947 -0.129855 -0.119894 0.108723
640 -0.265737 0.126198 0.128514 0.385997 -0.006758
1150 -0.339458 0.163026 0.131977 0.426189 0.025685
670 -0.329243 0.269101 -0.028786 -0.037707 -0.156602
1540 -0.084542 0.049471 0.039580 -0.126652 -0.140866
1757 -0.285943 0.084095 0.071594 0.171754 -0.035598
1760 -0.258288 0.069030 -0.010208 0.186479 -0.041332
1832 0.059293 0.082207 0.031286 0.109282 0.001804
1462 -0.074862 -0.198204 0.116617 0.033082 -0.004513
1544 0.050814 0.217649 -0.006991 0.288098 -0.109026
1243 0.168707 0.102581 0.014189 0.244551 -0.041108
828 0.266663 0.191096 0.209992 0.309590 0.132901
1356 -0.050737 -0.130972 0.186455 -0.096357 -0.043147
1478 -0.065488 0.021943 -0.123006 -0.106519 0.087973
646 -0.174954 -0.092149 -0.403603 -0.356220 -0.089996
1536 -0.305163 -0.007947 0.076536 -0.029943 -0.129418
448 0.109498 0.044793 0.058111 0.135561 0.003269
1426 0.146681 0.279552 -0.006320 0.057912 0.173834
1369 0.254566 0.293033 0.135487 0.126636 0.019458
349 0.149659 -0.087782 -0.173672 -0.123535 0.086524
398 -0.257893 -0.041611 -0.014196 -0.150753 -0.052525
1611 0.126582 -0.089262 -0.117375 -0.230366 0.065524
1826 0.056213 -0.088953 -0.003648 -0.113742 0.066489
836 0.263213 -0.167757 0.002160 -0.237351 -0.034649
1593 -0.068446 -0.158709 -0.271019 -0.322691 0.006891
1876 0.153992 -0.034805 -0.081422 0.029935 0.080488
354 -0.191331 -0.059802 -0.200139 -0.055738 0.120611
1634 0.009950 -0.131917 0.048575 -0.004187 0.016916
1169 -0.161659 -0.217692 0.227303 -0.242880 -0.059467
1569 -0.040216 0.034344 -0.085925 -0.019556 0.078243
343 0.157335 -0.025719 -0.126875 -0.177327 -0.031216
456 -0.169252 0.055038 -0.254674 -0.151080 0.028034
411 -0.017432 -0.111112 -0.166309 0.087581 0.039175
1385 -0.219253 -0.004654 -0.247530 -0.264504 -0.040570
1397 -0.092226 -0.165789 -0.069085 -0.202926 0.110015
1702 0.031082 -0.150446 0.178021 0.072316 -0.154270
1123 -0.320282 -0.048835 -0.152901 -0.257770 0.054973
936 0.173612 -0.083648 0.240239 0.279506 -0.068620
924 0.203795 0.016171 0.197747 0.052036 0.155795
1724 0.189012 0.091819 0.093041 0.094449 0.108021
1219 0.084223 -0.253043 0.249113 0.048905 -0.182497
1598 -0.042162 -0.011146 -0.331980 -0.277655 -0.029634
1102 0.017212 -0.150376 0.141478 0.132457 -0.275979
1451 -0.308624 -0.219217 -0.065871 -0.100564 0.033078
1479 -0.055613 0.097324 -0.124003 -0.156690 0.042147
886 0.345915 -0.058894 0.200197 0.008690 0.069574
1043 0.202692 -0.256233 0.334324 0.159726 -0.019476
1041 0.110791 -0.158440 0.405789 0.114571 -0.051968
967 0.462945 0.029622 0.177980 0.082423 0.105221
1329 -0.232295 0.035837 -0.126929 -0.203955 0.084708
714 -0.068370 -0.149593 -0.174364 -0.437224 0.218958
1069 -0.258295 0.172810 -0.156201 0.350255 -0.000553
1661 0.115250 -0.104067 0.056318 -0.062804 -0.086829
708 0.040812 0.032042 0.169865 0.016363 0.021893
571 0.084946 -0.116047 0.181521 0.131499 -0.087479
1189 0.052238 0.097268 0.069160 0.353226 -0.086968
342 0.054441 0.035796 -0.137159 0.015884 -0.081515
1628 -0.099558 -0.050411 0.098461 0.044740 0.048822
1289 -0.229270 0.016581 -0.169595 -0.172993 -0.040373
1375 0.065886 -0.085262 0.064793 -0.091070 -0.120097
1612 0.158500 -0.127803 0.014526 -0.137310 -0.008338
1764 -0.061270 -0.059808 -0.072799 0.108270 -0.056550
1143 -0.059604 0.132449 -0.000270 0.130261 -0.017797
549 -0.011297 0.144019 0.138308 0.061568 0.001271
367 0.064432 -0.017211 0.013768 0.036113 0.001746
383 0.426807 0.088949 0.136240 0.160276 0.103264
385 0.347927 -0.034348 0.215022 0.050345 0.082655
1609 -0.082271 0.076808 -0.173499 -0.079664 0.022518
1159 0.069753 0.234581 0.070415 0.129283 0.026385
537 0.109958 0.026554 0.044796 -0.064863 -0.085837
424 -0.169709 0.112130 -0.061066 0.109985 0.039879
817 0.446124 0.212435 0.142778 0.068891 0.062776
1493 -0.217218 0.019953 0.068268 0.328002 -0.070683
1238 0.016060 -0.200736 0.045623 -0.065921 0.068222
438 0.053256 -0.092951 0.092867 0.097507 -0.070523
935 0.175790 0.040356 0.227760 0.268759 -0.050306
824 0.283940 0.176365 0.142390 0.124504 0.111250
1485 -0.063344 0.119811 -0.220923 -0.195178 0.087995
795 0.221059 0.103516 0.242770 0.131976 -0.129890
1718 -0.187913 0.119750 -0.066852 0.207252 -0.050386
1005 -0.058520 0.261151 -0.096017 0.352042 -0.207554
1225 -0.095412 0.040935 -0.094931 0.143726 -0.165685
837 0.429637 -0.253542 0.168745 0.083919 -0.107969
789 0.253422 0.114681 0.299807 0.138601 -0.143511
505 -0.097778 -0.058674 -0.175159 -0.246751 0.051261
503 -0.187051 0.016466 -0.238509 -0.191872 0.094461
638 0.074336 0.084317 0.058881 0.270920 0.080640
1722 0.185135 0.010153 0.076198 0.141696 0.116426
916 -0.406049 0.091866 -0.263043 -0.001245 0.045409
483 -0.215861 -0.020157 -0.150351 -0.091231 -0.008480
904 -0.056187 -0.023553 -0.242551 -0.105921 0.036962
852 -0.086485 -0.029519 -0.188722 -0.415051 0.249556
1875 0.140309 0.019836 0.052324 0.000397 0.134879
591 -0.099404 -0.136113 -0.124231 -0.135450 0.074002
773 -0.026486 -0.009568 0.195752 0.055386 -0.151830
1861 -0.074528 -0.023287 -0.129580 -0.008896 0.110591
962 0.414515 -0.025642 0.065756 0.028379 0.153924
878 0.369301 0.006949 0.164198 0.182745 -0.002349
879 0.319981 -0.070570 0.207493 0.236358 -0.181604
1532 -0.233251 0.078131 0.064866 0.057101 -0.081207
953 0.191051 -0.037123 0.121394 -0.097892 0.012944
1405 -0.160268 0.172350 -0.070463 -0.065132 0.078938
449 0.271438 0.058317 0.244786 0.121768 -0.092582
1335 0.107259 -0.065828 -0.038729 -0.111485 0.028640
1889 0.168996 0.004096 0.069906 0.009786 0.109806
1881 0.031054 0.078815 0.092031 0.143241 0.137915
1656 -0.156690 -0.070265 -0.163391 -0.122699 -0.011803
1641 0.037915 -0.150468 0.060497 -0.032027 0.011899
572 0.118530 -0.112679 0.129712 0.071325 0.065253
1425 0.170891 0.066916 0.165236 -0.010091 0.110234
467 -0.068783 0.036486 0.072317 -0.027710 -0.053911
1292 0.143869 -0.245336 0.142589 0.030033 -0.214434
348 0.157858 0.080940 -0.145971 -0.049337 0.099689
555 0.021188 0.000185 0.103289 -0.082565 -0.084594
1003 -0.058187 0.246216 -0.028398 0.314869 -0.149112
684 -0.117755 0.003070 -0.167981 -0.050561 0.150084
1574 0.070120 0.212774 0.087799 0.019575 -0.046540
1614 0.024441 -0.021479 -0.006279 -0.134519 0.060894
693 -0.039725 -0.006796 0.158566 0.116304 -0.046684
544 0.067409 0.068166 0.008421 0.086876 0.094602
368 0.077287 -0.085620 -0.010794 0.070703 -0.122721
384 0.285304 0.130018 0.244144 0.094923 0.060850
1814 -0.106230 0.012228 0.078733 0.046522 -0.064498
671 -0.219258 -0.079421 -0.411368 -0.366617 -0.047663
1775 -0.068150 -0.016719 -0.104825 -0.037526 0.016177
1773 -0.091624 -0.007570 -0.117957 -0.026625 0.065649
1151 0.130515 0.216886 0.093614 0.118799 0.040472
538 0.132649 0.100752 0.044507 0.037531 -0.023790
1809 -0.041344 -0.002687 0.130812 -0.001186 0.065737
1256 -0.291427 0.077325 -0.124921 -0.008916 0.003626
812 0.504675 0.198414 0.240354 0.083852 0.085538
814 0.289098 0.103191 0.240062 0.128570 0.004954
1358 -0.059083 -0.138386 0.086754 0.087483 -0.134959
1018 -0.136407 -0.029580 -0.305899 -0.313024 0.094995
523 0.019841 0.053513 0.019324 -0.045664 -0.092949
1837 0.041579 -0.020832 0.027639 0.093111 0.007517
799 0.275867 -0.071204 0.190385 0.138443 -0.049648
1137 -0.159546 0.031756 -0.024608 0.147733 -0.034319
515 0.099357 -0.082137 -0.075784 -0.022730 -0.021964
1572 0.094107 0.216223 0.045686 0.023366 0.031431
1829 0.026225 -0.063401 -0.076725 -0.118671 -0.045360
923 0.206290 0.104792 0.208877 0.108366 -0.014479
1586 -0.022262 -0.127650 0.038826 -0.014664 -0.092155
782 0.258473 0.086666 0.237303 0.145684 -0.073635
1855 -0.039053 -0.050343 0.030595 -0.075999 -0.064861
1856 -0.015144 -0.028333 0.122458 -0.032056 -0.082316
843 0.036352 0.185597 0.124414 0.353860 0.035190
841 0.030582 0.184266 0.195715 0.448783 0.003758
849 -0.064239 0.219428 0.150805 0.232831 -0.002098
1116 0.049320 -0.114966 0.173340 0.140264 -0.171692
451 -0.211026 -0.051733 -0.280060 -0.199213 -0.006781
1844 0.105757 0.070700 -0.031078 0.041057 -0.020298
743 -0.251599 0.093479 -0.389162 -0.305855 0.019092
746 0.049056 -0.055902 -0.385572 -0.250098 0.234743
611 -0.015557 0.091899 0.141610 0.114417 -0.088771
1471 -0.091961 0.105997 -0.184232 -0.051144 0.078476
493 -0.299508 0.003666 -0.063907 -0.136763 -0.042923
975 0.087778 -0.149222 0.127954 0.041224 -0.168051
972 0.072828 -0.108222 0.131333 0.057366 -0.193334
882 0.187272 -0.032021 0.128703 0.179106 0.095563
1042 0.183432 -0.202633 0.329286 0.200397 -0.078901
666 -0.065842 0.066944 -0.101398 0.105592 -0.059825
1314 0.000779 -0.152011 0.130403 0.054186 0.004717
444 0.024474 0.058068 0.037959 0.037175 -0.109358
1869 -0.055597 0.050558 0.039537 -0.064418 0.131153
877 0.290689 -0.050247 0.249067 0.237137 -0.030492
1789 0.098286 -0.070713 0.062290 -0.045872 0.029237
1072 0.206880 0.170195 0.027691 0.193432 0.045670
1071 0.174434 0.270887 0.077107 0.069876 0.090088
1094 -0.062730 0.218748 -0.171373 -0.107394 0.107582
1095 -0.160560 0.094413 -0.132089 -0.120334 0.163507
675 -0.265130 -0.002307 -0.413080 -0.329171 0.029361
1419 0.183320 0.079691 0.038989 0.039727 0.130099
1413 0.096662 0.059755 0.091251 0.030333 0.130889
1414 0.312910 0.139776 0.041671 0.069078 0.159808
1895 -0.036483 0.110440 -0.121847 -0.051564 0.019549
959 0.203866 0.008111 0.044961 0.034035 0.078747
1262 -0.165413 0.010670 -0.071814 -0.002405 -0.003902
719 -0.047599 -0.156652 -0.152575 -0.423283 0.212131
649 -0.146871 0.015011 -0.274675 -0.366867 0.004261
1887 0.066165 0.014948 0.095226 0.108332 0.110928
1658 -0.063796 -0.010988 -0.161256 -0.097680 0.085737
581 -0.238696 0.012986 -0.323028 -0.273106 0.093151
1433 0.009843 0.066355 -0.042528 0.055595 -0.143327
1345 -0.038707 -0.081674 0.240709 -0.014652 -0.089729
1502 0.026428 -0.111357 0.075343 -0.058166 -0.170426
1209 0.009126 0.173705 0.059049 0.157971 -0.140828
1273 -0.014002 -0.224508 0.063989 -0.171324 -0.064657
1517 -0.149403 0.176190 -0.111565 0.243427 -0.102891
1565 -0.067922 -0.031230 -0.033246 -0.154280 -0.045163
1797 0.014563 0.012465 0.005391 -0.002579 0.099611
1635 -0.043767 -0.170629 0.043780 -0.029947 0.017280
564 -0.033895 0.055268 -0.160009 0.016682 -0.034770
1366 0.063477 0.079883 0.084937 0.185219 -0.009995
479 -0.073704 -0.082600 0.028397 0.086639 -0.106170
1624 -0.115009 0.030544 0.079702 -0.080973 0.002460
1759 -0.127299 -0.051875 0.100792 0.127846 -0.137695
1281 -0.198214 0.009391 -0.179921 -0.102970 -0.084269
1571 0.108860 0.067993 -0.023925 0.006200 0.040146
621 -0.347112 0.038777 -0.615829 -0.438711 0.056915
409 -0.162381 0.044512 -0.006240 0.097412 -0.095293
378 -0.229602 -0.082145 -0.097541 -0.263469 -0.072722
374 -0.162871 0.015053 0.019676 -0.100445 0.014805
395 -0.110504 -0.132163 -0.211102 -0.028586 0.073242
394 -0.083457 -0.049348 -0.045844 -0.015033 -0.019307
656 -0.224276 -0.015753 0.029408 -0.017009 0.006962
651 -0.123350 -0.003822 -0.079997 0.043074 0.055324
1147 -0.141672 0.063292 -0.016918 0.233301 -0.006949
698 0.043484 0.009706 0.181828 0.113450 -0.085600
412 -0.051233 -0.071375 -0.123304 0.098040 0.006045
362 0.134532 0.038994 0.089497 0.049874 -0.092317
1819 -0.092004 -0.077559 0.053618 0.128067 -0.050719
1603 -0.112371 0.011476 -0.148627 -0.181505 0.058651
803 -0.448216 0.028810 -0.040108 0.367966 -0.232717
806 -0.478127 0.082448 -0.052659 0.286649 -0.196316
1774 0.027854 0.051030 -0.113262 -0.022405 0.069869
608 -0.045643 0.043517 0.091058 0.089926 -0.023397
1155 0.050685 0.276218 0.158913 0.085253 0.014212
1553 -0.222574 0.024469 -0.134134 -0.104930 0.104500
1555 -0.199664 0.111973 -0.083165 -0.050902 0.021599
1558 -0.201729 -0.021042 -0.181568 -0.030455 -0.049055
535 -0.005898 0.099393 0.113231 0.117719 0.035960
1257 -0.391860 0.085160 -0.034782 -0.010817 0.043156
1527 -0.068582 -0.086425 0.155900 0.024097 -0.049407
1522 -0.180356 -0.143550 0.026262 0.115648 -0.027913
1497 -0.185189 -0.094879 -0.055500 0.304006 -0.176816
1703 0.064325 0.014643 0.015020 -0.013777 -0.157723
1128 -0.148454 -0.194692 -0.148750 -0.283556 0.101538
1233 -0.007013 -0.040973 0.060476 -0.160595 0.009417
1239 0.127029 -0.128810 0.050722 -0.074451 0.097228
435 0.074754 -0.122531 -0.000913 0.015723 -0.101116
612 -0.020584 0.127136 0.168602 0.188638 -0.036540
1274 -0.084976 -0.147145 0.088254 -0.020770 0.068779
627 -0.359886 0.034002 -0.468452 -0.364341 -0.151933
1229 -0.198564 0.039490 -0.058106 0.247976 -0.083135
1228 -0.142495 0.142530 0.088246 0.264576 -0.033468
1825 0.016876 -0.124453 -0.092521 0.007069 0.086588
1824 -0.104940 -0.123038 0.059304 -0.023218 -0.024333
929 0.289771 -0.028248 0.020115 0.150877 0.071192
781 0.207988 -0.039556 0.243747 0.040612 -0.043358
1727 0.186673 0.049547 0.091752 0.111268 -0.003274
1582 0.028094 0.004111 -0.044830 -0.067366 0.076822
632 0.071412 -0.001745 0.059013 0.291481 0.110206
1107 0.090645 -0.232941 0.218547 -0.004706 -0.059694
1459 -0.215208 -0.037154 -0.126462 -0.148146 0.032574
462 -0.014441 0.060631 0.023796 -0.063843 0.039321
1859 0.035882 -0.005610 -0.000211 -0.036312 -0.109231
915 -0.203176 0.027361 -0.152291 -0.127734 -0.029364
516 0.108963 -0.018324 -0.015847 -0.000184 -0.086778
663 -0.081835 0.006181 0.002110 0.045603 -0.006217
1732 -0.141951 -0.022936 -0.046322 0.030948 0.043131
757 0.045875 0.020629 -0.005881 0.101559 0.021341
754 0.100686 0.021709 0.048052 0.165437 0.029583
1023 -0.476767 -0.077189 -0.120887 -0.093811 -0.043235
1022 -0.382041 -0.115347 -0.225827 -0.142591 -0.012203
605 0.000540 0.082630 0.214876 0.026091 0.041432
607 -0.057783 0.053995 0.148174 0.083195 -0.091650
1204 0.129228 0.141658 0.177535 0.134717 0.042891
1206 -0.020081 0.147066 0.095027 0.144805 -0.020108
609 -0.101138 -0.047487 0.171240 0.062377 -0.058979
1203 -0.091187 0.233753 0.089527 0.144758 -0.117832
1214 0.005441 -0.107539 0.204073 0.110554 -0.055903
1445 0.003063 -0.017289 0.121452 0.035970 -0.175960
1443 -0.043670 -0.057550 0.162190 0.090191 -0.058842
1441 0.060646 -0.054607 0.107119 -0.009066 -0.104437
463 0.110100 -0.083106 -0.029109 0.030201 0.022281
487 -0.130223 -0.055764 -0.163467 -0.104411 0.076379
1457 -0.204627 -0.026050 0.004549 -0.034450 0.026100
1452 -0.215500 -0.049071 -0.071652 -0.158239 0.034438
1843 -0.105421 -0.035409 0.014662 -0.102365 0.102817
1053 -0.024430 -0.111617 0.105728 0.051468 0.061526
1491 -0.241670 -0.026007 -0.059405 0.256327 -0.097892
1304 -0.069672 -0.067109 0.184971 -0.012116 -0.162405
1302 0.098364 0.021166 0.129846 0.066170 -0.201464
494 -0.199416 -0.128954 -0.009901 -0.102110 0.009088
971 0.141284 -0.135189 0.210003 0.066153 -0.116563
888 0.172650 0.132529 0.162750 0.189521 -0.010658
776 0.058229 -0.037008 0.213803 0.081349 -0.012165
1685 -0.006112 -0.020028 0.080226 0.142696 -0.027156
1689 0.022173 -0.043186 0.054457 0.163272 -0.013280
1461 -0.044373 -0.010184 0.117635 0.082557 -0.149105
403 -0.077415 -0.007608 0.133230 0.100718 -0.056782
401 -0.069486 -0.103005 -0.013511 0.067318 -0.117808
769 -0.123405 -0.019128 -0.063281 0.221105 0.053509
764 0.035266 0.017450 -0.119845 0.055386 0.004212
1676 -0.160503 0.044447 -0.114076 -0.085895 0.036696
1672 -0.223027 -0.056555 -0.146575 -0.009582 -0.071583
1327 -0.178964 -0.051407 -0.206449 -0.172535 0.015425
1251 -0.348191 0.044147 -0.055296 -0.134172 0.044240
1529 -0.109442 -0.137645 0.038524 0.120485 -0.023982
1897 -0.053022 0.031777 -0.041878 0.015250 -0.037052
1891 -0.124080 -0.007455 -0.039136 0.017778 0.063332
954 -0.048133 0.002784 0.152423 0.116661 0.099183
1799 -0.054214 -0.008538 0.050589 0.053825 -0.091030
1087 -0.235125 0.097479 -0.068601 0.332025 -0.174038
1406 -0.073205 0.155541 -0.174829 0.021242 0.121754
1542 -0.039760 0.138962 0.101323 0.154452 -0.017432
946 -0.132383 -0.041554 0.183586 0.192401 -0.243415
942 -0.216208 -0.067830 0.230725 0.273372 -0.188914
941 -0.074013 -0.159283 0.268750 0.251806 -0.118953
1657 -0.074516 0.096476 -0.121238 -0.167184 -0.011101
1346 -0.012644 -0.094058 0.087843 0.061761 -0.119958
517 0.018116 -0.025683 0.000053 0.077728 0.021439
1508 0.090512 -0.118615 0.094461 -0.014417 -0.091394
1509 0.126682 -0.036030 0.105278 -0.038621 0.022748
658 -0.209720 0.063693 -0.001643 0.126100 0.087216
659 -0.029561 -0.042862 -0.035934 0.139157 -0.080850
992 -0.290454 -0.035770 -0.086915 -0.069137 -0.121178
1643 -0.066847 -0.056488 -0.032127 -0.014623 0.052690
1396 -0.073491 -0.146684 -0.087066 -0.141274 0.216331
1648 -0.097195 -0.157111 0.097232 0.074690 -0.023840
1429 0.181728 -0.013066 -0.019601 0.147238 0.102364
735 -0.094241 -0.086842 0.296517 0.208153 -0.283690
734 -0.215401 0.051116 0.191241 0.257188 -0.247362
737 -0.251449 -0.026135 0.332883 0.229368 -0.294017
739 -0.243705 0.070103 0.221976 0.317369 -0.289772
738 -0.200918 -0.023557 0.254829 0.302749 -0.372244
1515 -0.229654 0.041332 -0.130987 0.248862 -0.055773
1513 -0.202010 0.086756 -0.105097 0.170210 -0.124316
356 0.015105 -0.049669 -0.041538 0.037696 0.043006
353 -0.190032 -0.041903 -0.062058 -0.091725 -0.042364
359 -0.115986 0.018213 0.036171 -0.109480 -0.054356
1111 0.118200 -0.092401 0.149727 0.174934 -0.038032
1793 0.095369 -0.121505 -0.005889 -0.072302 0.040891
1114 0.192973 -0.005789 0.161734 0.045021 -0.144485
1031 0.078912 0.072862 0.149646 0.109622 0.003290
1637 0.009861 -0.068939 -0.041155 -0.063265 -0.079953
1741 -0.077021 -0.073056 -0.012228 -0.129453 -0.063757
1161 -0.115466 -0.114992 0.163694 -0.193051 -0.127294
1715 -0.115652 -0.006050 -0.010390 0.187699 -0.046595
471 -0.042448 0.018608 0.117998 -0.018078 -0.076428
346 0.044675 0.041839 -0.167112 -0.088924 -0.056133
594 -0.164019 -0.071851 -0.164246 -0.145345 -0.009986
1625 -0.063918 0.076891 0.076709 -0.056387 -0.052288
554 0.101202 0.088785 0.079627 -0.060641 0.010499
556 0.031822 -0.086745 -0.073678 -0.049562 -0.117574
1199 -0.403311 -0.030409 -0.216545 -0.063932 0.031838
1191 -0.257437 0.087670 -0.242350 -0.056944 -0.050622
1196 -0.194796 0.171403 -0.214563 -0.096724 -0.076853
1758 -0.183706 0.005981 -0.034274 0.132277 -0.081688
1755 -0.172938 -0.052373 0.029289 0.090236 -0.010847
1176 -0.313693 0.079209 -0.152119 -0.009898 -0.058328
1173 -0.232714 0.143961 -0.142119 -0.034883 -0.100061
1172 -0.147243 0.087171 -0.086914 0.036369 0.041012
1179 -0.253518 0.158506 -0.137453 0.016381 -0.096375
1178 -0.215977 0.042113 -0.176366 0.052449 -0.055942
1285 -0.172525 -0.136576 -0.117954 -0.190780 0.027470
1283 -0.219222 0.005401 -0.158747 -0.062976 0.085518
514 0.003254 0.040264 0.023510 -0.082608 -0.025733
681 -0.065336 -0.036675 -0.163179 -0.161642 0.183831
873 -0.007855 0.113296 0.075242 0.167458 -0.143873
1372 0.043395 -0.001935 0.046925 -0.013261 -0.140507
1344 -0.032018 -0.032540 0.068989 0.026623 -0.142310
455 -0.062662 0.057315 -0.053300 -0.054853 0.048009
396 -0.027802 -0.049034 -0.078371 -0.012491 0.049945
1501 -0.043713 -0.038313 0.130383 0.026087 -0.184397
1365 0.193566 0.197368 0.045620 0.051926 0.161152
1145 -0.014837 0.040376 0.045156 0.178775 0.040871
1149 -0.082969 0.067243 -0.003925 0.204388 0.071161
692 0.232237 0.086792 0.058823 -0.057222 -0.009922
697 0.265118 0.115748 0.049987 -0.048413 0.088462
1785 -0.001214 -0.034642 0.042749 0.096817 -0.047326
1787 -0.038594 -0.106499 -0.009529 0.030686 0.033735
417 -0.084907 0.072623 -0.038044 -0.084506 0.098642
1386 -0.082309 -0.165764 -0.195853 -0.202944 0.085864
388 0.262409 0.002471 0.241176 0.086883 0.116065
1253 -0.191104 -0.018383 -0.106229 -0.092438 -0.004813
678 -0.158685 0.073982 -0.306101 -0.249642 -0.035400
1817 -0.048264 -0.009649 -0.000687 0.074403 -0.037913
1813 0.010419 0.014530 0.007571 0.083786 -0.018177
1818 0.026985 -0.061488 0.045718 0.081603 -0.087135
1607 -0.037678 0.074031 -0.206163 -0.099137 0.084566
809 -0.402345 0.102585 -0.025702 0.307195 -0.114900
807 -0.321982 0.186131 -0.095727 0.297944 -0.093349
1158 0.129837 0.135419 0.126764 0.180178 0.175005
423 -0.005492 0.034728 -0.006779 0.067514 -0.026861
1807 -0.014128 0.025506 -0.055090 0.148107 -0.069071
1801 0.045263 -0.143408 0.086136 0.106170 -0.030461
1495 -0.165492 0.100957 -0.073519 0.320366 -0.025168
1704 0.014115 -0.161314 0.205997 0.007368 -0.008996
427 -0.049238 -0.019544 0.037141 0.143371 -0.017660
524 0.095592 0.006969 0.022535 0.037052 0.049416
526 0.035856 0.091150 0.034448 -0.061824 -0.050977
1016 -0.211922 -0.005148 -0.297471 -0.155155 -0.070224
1017 -0.215291 -0.058727 -0.325922 -0.209162 0.076250
439 0.048925 0.055648 0.099999 0.083935 -0.007206
434 0.093852 -0.001362 0.062309 0.080799 -0.016710
1835 0.021161 0.146858 -0.032676 0.103882 0.073253
1839 0.061634 0.054545 -0.051817 0.089187 -0.006274
933 0.094249 0.017852 0.136043 0.126064 -0.119689
937 0.277365 -0.059171 0.243450 0.146640 -0.054943
825 0.277797 0.199093 0.180260 0.164880 0.123323
823 0.285108 0.148989 0.137984 0.097963 -0.009540
792 0.378468 -0.074323 0.138638 0.054617 -0.023503
791 0.277299 0.013435 0.048302 0.220779 -0.036818
1006 -0.044697 0.033898 -0.086615 0.327439 0.017588
1227 -0.110750 0.178190 -0.039435 0.252720 -0.170019
625 -0.376901 -0.042479 -0.512686 -0.307326 -0.124309
1576 0.034892 0.120160 0.018423 0.062146 -0.063996
922 0.000306 -0.055931 0.074064 0.116436 0.074747
833 0.275551 -0.167072 0.065431 -0.065826 -0.067495
786 0.063636 -0.030360 0.102587 0.099926 -0.150062
1728 0.137128 0.014878 0.069584 -0.029766 0.051269
1581 0.034575 -0.104731 0.014684 0.048329 0.060762
1584 0.040206 -0.172243 -0.010203 -0.103236 -0.012729
508 -0.170190 0.068910 -0.031944 -0.093058 0.053095
1032 -0.009011 0.033721 0.038744 0.104447 -0.075458
402 0.010858 -0.071306 0.057507 -0.082807 0.020317
639 0.019857 0.019395 0.114601 0.140220 0.062289
1101 0.119847 -0.162147 0.174265 -0.005365 -0.062260
1108 0.148995 -0.216741 0.100005 0.173158 -0.168410
1852 0.003411 -0.058676 0.049273 -0.015445 -0.125099
919 -0.144247 0.053843 -0.183134 -0.080093 -0.032799
918 -0.176070 -0.023103 -0.157656 -0.096025 -0.001651
844 0.052960 0.102738 0.209950 0.335264 0.100385
1739 -0.177838 0.012913 -0.123277 0.021645 0.112201
1738 -0.140562 0.016203 -0.031261 0.091117 -0.046368
662 0.023070 0.157755 -0.007804 -0.009273 -0.025615
752 -0.002199 -0.061594 0.029975 0.041553 -0.094839
755 -0.048712 0.019624 -0.018136 0.061221 -0.076290
1028 -0.331081 0.074074 -0.209118 -0.269371 -0.077588
501 -0.122170 -0.032238 -0.015514 -0.091080 -0.014236
604 -0.033571 0.044442 0.022569 0.097201 -0.134342
634 0.045144 -0.023952 0.160948 0.244040 0.079230
1215 -0.056588 -0.188445 0.080895 0.221147 -0.079675
1447 -0.090268 -0.035027 0.155312 0.131156 -0.199976
1118 0.104858 -0.158147 0.145914 0.195955 -0.153825
1448 -0.131362 -0.071770 0.081859 0.107930 -0.122426
489 -0.011610 0.008707 -0.157672 -0.033749 0.055933
481 -0.010012 0.038548 -0.016169 -0.096873 0.098924
1455 -0.177879 -0.166939 -0.089051 -0.277797 -0.073283
902 -0.214450 0.017499 -0.235699 -0.187218 0.064421
903 -0.200736 0.159400 -0.338392 -0.136409 0.003553
1849 -0.079425 0.003623 0.034263 -0.105668 0.082046
906 -0.094541 0.075187 -0.356584 -0.152175 0.104047
854 -0.135153 -0.102889 -0.252930 -0.421321 0.093454
745 -0.251772 0.093029 -0.455630 -0.256929 0.223837
749 -0.266378 -0.077459 -0.376145 -0.294056 0.119582
1051 -0.026295 -0.105337 0.171465 0.065315 0.066702
1054 -0.099195 -0.206738 0.086563 0.145932 0.059947
1058 -0.042322 -0.140314 0.091929 0.212349 -0.064217
1696 -0.008338 -0.044368 0.028916 -0.021662 0.070973
1694 0.039623 -0.015619 0.001799 0.060256 0.088542
1692 -0.006228 -0.008847 0.094362 -0.030271 0.099456
1698 0.022554 -0.089640 -0.057625 -0.025381 -0.047417
618 -0.062645 0.097024 0.061513 0.119975 -0.093863
1308 -0.000536 -0.017755 0.146691 0.089786 -0.233727
1309 0.053381 -0.164435 0.164764 0.001632 -0.063208
492 -0.044858 -0.085874 -0.077945 -0.057926 -0.008845
869 -0.047149 -0.075007 0.146402 0.214409 -0.089348
868 0.048069 -0.121049 0.092933 0.084668 -0.209374
863 -0.020171 -0.162578 0.152814 0.298915 -0.107255
866 -0.042087 -0.045628 0.132098 0.090411 -0.111224
775 0.216154 0.057911 0.256137 0.053230 0.031688
1047 0.153250 -0.097796 0.238190 0.009557 -0.035347
1682 -0.035694 0.006919 -0.000521 0.115928 -0.051505
1684 -0.037465 0.009084 -0.031573 0.103549 0.019300
1261 -0.180019 0.082607 -0.024543 -0.029979 0.011931
1267 -0.115086 -0.006868 -0.062792 -0.048298 -0.077796
1266 -0.115036 0.102647 -0.022561 -0.046640 -0.051602
1317 -0.078376 -0.070837 0.109585 0.094790 -0.063814
1315 0.052097 -0.191582 0.095597 -0.028347 0.040646
1318 -0.061677 -0.156640 0.134311 0.010198 -0.047733
1333 0.121946 -0.106056 0.044371 -0.098317 0.018023
631 0.124898 0.032961 0.099011 0.282495 0.061541
1866 0.027866 0.040620 0.027790 -0.009468 0.001847
871 0.249169 0.118671 0.290630 0.152342 -0.024173
891 -0.120748 0.020261 -0.297813 -0.248980 -0.033242
892 -0.119404 -0.089032 -0.370505 -0.172849 0.012607
894 -0.228709 0.008291 -0.346579 -0.224507 -0.079506
762 -0.030713 0.085004 -0.041878 0.078655 -0.058986
763 -0.059810 0.013531 -0.070944 0.159181 0.080846
767 -0.118515 0.070134 -0.002458 0.157578 -0.058235
1077 0.181183 0.180790 0.076301 0.186179 0.069167
1678 -0.180596 0.063215 -0.091027 -0.111845 0.001164
1675 -0.094644 0.054892 -0.172303 -0.097670 -0.048810
1099 -0.174487 0.210457 -0.244729 0.002987 0.158704
673 -0.021065 0.030216 -0.320262 -0.183396 0.084376
1416 0.251580 0.050774 -0.074382 0.093777 0.170400
1524 -0.046311 -0.052793 0.061547 0.051789 -0.044167
1896 -0.147273 0.017154 0.048045 -0.086316 0.091595
1892 -0.160675 -0.001406 -0.019208 -0.012213 -0.055744
1798 -0.007811 -0.040007 0.079990 0.078638 -0.082804
1068 -0.119884 -0.004140 -0.118088 0.229869 -0.018392
1066 -0.144279 0.018115 -0.131776 0.196605 0.014199
1668 0.016188 -0.122037 0.121285 -0.029320 0.046790
592 -0.065144 0.000727 -0.038196 -0.099867 0.115374
598 -0.030582 -0.102348 -0.023490 -0.095225 -0.008427
1088 -0.299652 0.148822 -0.031614 0.301752 -0.095665
1408 0.006658 0.131462 -0.164037 -0.020162 0.076630
1407 -0.143447 0.150244 -0.074458 -0.047618 -0.021970
1547 -0.028541 0.123958 -0.024447 0.231451 -0.010773
1543 -0.061848 0.053074 -0.034708 0.238008 -0.027825
1242 0.023961 0.026397 0.217951 0.069761 -0.018148
1244 0.078947 -0.015377 0.018737 0.147059 -0.029059
1538 -0.107104 0.015597 -0.060223 0.065404 -0.044808
1888 0.051348 0.081338 0.061954 0.069553 0.066381
1886 0.007185 -0.032775 -0.044880 0.136061 0.021890
948 -0.068920 -0.099733 0.228969 0.225593 -0.079715
944 -0.079100 -0.144378 0.170379 0.197553 -0.128506
945 -0.187037 0.017729 0.247911 0.199038 -0.171863
709 -0.007264 0.052079 0.050583 -0.000778 -0.031385
704 0.049159 0.058268 0.046463 0.054512 0.035084
703 0.046550 -0.066700 -0.047789 -0.029633 0.068190
1655 -0.127321 -0.056463 -0.062881 -0.224477 0.094459
583 -0.380354 0.045696 -0.366931 -0.260454 0.057903
588 -0.405467 -0.044993 -0.259422 -0.130812 0.030145
1436 0.083457 -0.022726 0.025140 0.011110 -0.190421
1437 -0.041151 -0.002308 0.072173 0.061717 -0.151262
1431 0.098123 0.000746 -0.014305 0.141180 -0.001639
1439 -0.041751 0.008331 0.081555 0.080406 -0.090886
454 -0.082178 -0.038126 -0.095153 -0.108973 -0.071771
1347 -0.043839 -0.085439 0.100650 0.002472 -0.047407
999 -0.298512 -0.111627 -0.117092 -0.072649 -0.102305
521 -0.035317 -0.023692 0.034563 0.060329 -0.090902
722 -0.354230 0.028178 -0.215590 -0.231115 -0.021782
723 -0.251263 0.028476 -0.184223 -0.105416 -0.012826
1646 -0.141356 -0.012108 0.061345 0.092638 -0.127761
1649 -0.147977 -0.031656 0.044899 0.076075 0.000930
1252 -0.347985 0.034882 -0.123078 0.031717 0.057985
577 0.090006 -0.087340 0.181163 0.049240 0.030919
1208 0.080106 0.239589 0.049117 0.174681 -0.105329
1424 0.031804 0.082963 0.016251 0.146732 0.037800
1359 0.042585 -0.060558 0.024824 0.040225 0.000064
351 -0.190957 0.033047 -0.072105 -0.009958 -0.079947
1033 0.062840 0.145231 0.050598 0.196120 -0.097140
1562 -0.113242 0.076063 -0.156545 -0.063543 0.014887
1291 0.206408 -0.162083 0.090031 -0.014000 -0.109558
982 -0.167790 -0.060869 -0.136222 -0.147932 -0.021897
983 -0.193176 -0.067011 0.012473 -0.165361 0.028294
568 -0.199013 0.086313 -0.150372 0.155012 0.053343
566 -0.033137 -0.057079 -0.111889 -0.023956 0.009557
1184 0.114994 0.151254 0.063560 0.240717 -0.044951
1185 -0.018917 0.102899 0.012107 0.234065 -0.093124
727 -0.293925 0.089612 -0.178039 -0.249174 0.115371
725 -0.262679 0.052152 -0.286563 -0.229703 0.124576
1746 -0.121702 -0.087463 0.043356 -0.130017 -0.020336
1293 0.177077 -0.092019 0.204499 -0.080662 -0.024871
1714 -0.160421 0.123230 -0.012140 0.171457 -0.047605
643 -0.175766 0.069205 -0.249768 -0.265784 0.078795
1783 -0.025071 -0.040217 0.031529 -0.012376 -0.033457
1621 0.009629 -0.060429 -0.073404 0.005183 -0.010241
559 -0.000621 -0.073995 0.127885 0.058549 -0.109748
558 0.170209 0.054414 0.165908 0.063312 -0.110243
1192 -0.354101 -0.032928 -0.186168 -0.036512 0.086353
1194 -0.274493 0.052515 -0.188238 -0.054881 -0.017837
1197 -0.267912 0.071002 -0.221624 -0.078915 0.126596
1754 -0.194041 0.095912 0.043499 0.037525 -0.011952
1752 -0.185091 -0.069492 0.022086 0.150622 -0.000789
1177 -0.129816 0.146047 -0.114669 -0.007163 0.108131
1579 0.050203 0.167388 0.027018 0.052736 0.032104
1374 0.080560 -0.083702 0.078776 -0.018475 -0.024732
1377 0.054110 -0.031329 0.117702 -0.013655 -0.035597
1379 0.023973 -0.083753 0.125364 0.008919 -0.031158
1378 0.079167 -0.030245 0.077431 -0.180622 -0.102848
379 -0.205781 0.030522 -0.033542 -0.205522 -0.049171
372 -0.108211 -0.073799 -0.140033 -0.200975 -0.028230
377 -0.199717 0.034419 0.019232 -0.157658 0.049547
391 -0.185099 -0.030951 -0.187525 0.008105 -0.057058
1246 0.033957 0.041791 0.161687 0.130237 -0.101707
657 -0.138243 0.000212 0.061393 0.038346 0.006532
654 -0.146174 0.003284 -0.008631 0.067170 0.066212
1362 -0.002670 0.063464 0.014708 -0.041915 0.063808
1613 0.066975 0.024927 -0.044324 -0.030589 0.077641
1761 -0.046881 -0.054354 -0.018138 -0.035164 -0.030080
1141 -0.146985 0.036844 -0.041013 0.208191 0.015322
694 0.040464 0.043830 0.025917 0.145082 0.029221
699 0.064615 -0.041299 0.068885 0.085859 -0.072233
1548 0.034685 -0.000521 0.008399 0.067627 -0.050301
542 -0.050166 0.071536 0.030261 -0.022901 0.012627
547 -0.021792 -0.045709 0.121494 -0.043083 -0.019818
545 0.114757 0.012807 0.074707 -0.023529 0.011438
548 0.130676 -0.004930 0.085441 -0.029191 0.052455
1784 -0.048985 -0.112385 0.038507 -0.030941 -0.018918
1384 -0.116758 0.034535 -0.209232 -0.102876 0.094429
366 0.127125 0.003985 0.023061 0.028035 -0.064470
363 0.130618 0.063211 0.130614 -0.037968 -0.081488
1811 -0.025510 -0.031711 0.067299 -0.069926 0.010557
1093 -0.129050 0.131485 -0.129207 -0.153006 0.001876
1098 -0.059631 0.185848 -0.116373 -0.082514 0.136608
1604 -0.166940 0.045998 -0.129551 -0.212349 -0.029472
802 -0.365373 0.055774 -0.111437 0.290486 -0.091469
801 -0.412498 0.112232 -0.101098 0.137604 -0.088454
1771 -0.067849 0.086325 0.006075 0.014147 -0.016281
1779 -0.023918 0.096780 0.051467 -0.117541 -0.014730
1154 0.066665 0.094291 0.085061 0.107112 0.102253
1156 0.057008 0.183430 0.099751 0.102892 -0.035152
1153 0.128534 0.069523 -0.012407 0.176699 0.147539
1552 -0.245033 0.055050 -0.120597 -0.091072 0.021104
1559 -0.294753 0.106484 -0.052719 -0.094325 0.032523
532 -0.063608 0.005682 0.034456 0.081951 -0.060202
531 0.088363 -0.021076 0.088144 -0.081656 -0.082032
422 -0.016667 -0.027359 -0.070220 0.092102 0.007481
1391 -0.069419 -0.137457 -0.118490 -0.139638 0.128800
1806 0.046616 0.018215 0.091220 -0.051734 0.089910
1804 -0.001682 -0.044916 0.032485 0.026873 -0.076955
1803 -0.033026 -0.091351 0.085974 0.011925 -0.076715
811 0.547294 0.160704 0.212717 0.134129 0.103285
815 0.410181 0.075516 0.094355 0.234109 0.095766
1701 0.097775 -0.123394 0.066031 0.055720 -0.028077
1705 -0.067732 -0.092731 0.178788 0.042606 -0.080255
1122 -0.196053 0.002889 -0.168209 -0.291462 0.113410
1124 -0.227277 -0.161744 -0.231624 -0.246929 0.040545
1125 -0.310982 -0.059455 -0.207853 -0.203052 0.036297
527 0.017958 0.102225 -0.055041 -0.004594 -0.038909
1019 -0.266570 0.061841 -0.286244 -0.130392 0.002135
1014 -0.131615 0.003263 -0.258848 -0.168714 0.065254
528 0.085422 0.033837 -0.041939 -0.069822 0.036775
1235 -0.015507 -0.129011 0.013451 -0.029197 -0.051450
433 0.038469 -0.125357 0.102965 0.052538 0.012189
1831 0.029449 0.075199 0.037155 0.040141 -0.012838
931 0.132182 -0.038342 0.094000 0.135629 -0.124556
1483 -0.029767 0.006090 -0.089148 -0.194468 0.075212
1482 -0.110857 0.082528 -0.251248 -0.218693 0.001340
1487 -0.082892 0.107213 -0.071394 -0.232020 0.154522
1484 -0.059516 -0.025704 -0.142714 -0.174507 0.118816
796 0.187940 -0.024792 0.170125 0.076614 -0.076356
613 0.069772 0.025962 0.161805 0.134812 0.088924
1139 0.072370 -0.030497 -0.048072 0.113646 0.047608
1133 -0.071116 0.177143 0.044660 0.177073 -0.054476
1135 -0.040631 0.068621 -0.042878 0.087894 -0.024272
518 0.087529 -0.056246 0.136103 -0.019827 -0.080078
622 -0.316737 -0.098025 -0.375050 -0.186493 -0.051883
687 -0.011266 0.021660 -0.110624 -0.225316 0.081481
686 0.040916 -0.132268 -0.129071 -0.068886 0.047964
1577 0.076289 0.090144 -0.040247 0.144525 -0.035579
1827 -0.048476 -0.022991 -0.030631 0.048005 0.043771
928 0.000530 0.080711 0.137781 0.132908 -0.079601
784 0.316202 0.110201 0.107561 0.046663 -0.117065
1589 -0.073978 -0.172086 0.057551 0.112614 -0.007970
1038 -0.071293 0.147199 0.050055 0.068127 -0.028311
404 -0.076885 0.026946 0.083033 0.024469 -0.005304
1394 -0.131217 -0.087345 -0.134938 -0.076759 0.162507
1109 0.091199 -0.153681 0.240350 0.053263 -0.155140
1857 0.019636 -0.014261 -0.018653 -0.070199 0.079027
911 -0.292432 0.077571 -0.231072 -0.150446 0.023774
458 -0.109282 -0.024217 -0.158291 -0.147433 0.110662
845 0.104366 0.027647 0.027725 0.276903 0.086739
664 -0.176754 0.073638 0.028553 0.079538 0.048272
1731 -0.059573 0.119281 -0.154442 -0.005545 0.075139
1734 -0.005417 0.037546 -0.103419 -0.018649 0.017964
751 0.045917 0.009331 0.014883 0.153468 -0.008248
1025 -0.252014 -0.007564 -0.198209 -0.188921 0.039627
1036 -0.077595 0.109584 0.108034 0.144041 0.019282
1037 0.032519 0.174878 0.047068 0.138448 0.039926
606 0.021969 -0.077892 0.034228 0.117064 0.020968
1205 0.064051 0.045343 0.059706 0.217294 0.086902
1211 0.010518 -0.207960 0.174380 0.027651 -0.048074
1442 -0.095656 -0.009502 0.043153 0.161492 -0.124247
1119 0.056061 -0.015559 0.243506 0.129072 -0.151096
1351 0.053273 -0.074547 0.153980 -0.039459 -0.043420
482 -0.101238 0.093696 -0.138453 -0.127902 -0.035321
905 -0.318131 0.073537 -0.312101 -0.121319 -0.069696
1847 -0.097372 0.051397 -0.038503 0.020823 -0.037596
1846 -0.027388 0.084877 -0.001850 0.003888 0.088740
1845 -0.119401 0.050107 -0.005807 -0.002983 0.111194
859 0.034334 -0.177870 -0.160211 -0.282458 0.259220
748 -0.296779 -0.027642 -0.238851 -0.258948 0.054429
1059 -0.002835 -0.007353 0.100020 0.129922 -0.066048
1697 -0.014555 -0.045451 0.079962 -0.053248 0.009263
1693 0.006523 0.035387 0.073370 -0.019325 0.086582
1699 0.024253 -0.096357 -0.032030 0.084542 -0.006434
1279 -0.057956 -0.154803 0.025893 -0.040277 -0.055634
619 0.009079 0.026646 0.003659 0.115154 0.022930
617 0.013544 -0.020658 0.130057 0.021032 -0.057225
1276 -0.072751 -0.104507 0.058435 -0.099865 -0.028563
1476 0.046768 -0.079099 -0.154855 -0.023944 0.093070
1305 -0.003533 -0.004634 0.216041 0.101913 -0.019291
498 -0.174517 -0.137253 -0.065280 0.043099 0.010725
499 -0.177367 0.004209 -0.048450 -0.140218 0.121876
497 -0.168711 0.012550 -0.128370 -0.037649 0.002675
1877 0.096252 0.004961 0.048671 -0.008662 0.017221
1871 0.022210 0.099750 0.013565 0.086340 0.047753
976 0.109830 -0.083982 0.101823 -0.049149 -0.050668
979 0.137035 -0.094180 0.127576 0.044199 -0.082306
861 -0.040808 -0.068608 0.075681 0.080992 -0.195842
862 -0.109834 0.065702 0.093788 0.051783 -0.162147
881 0.150784 0.009826 0.150704 0.225648 -0.054135
887 0.142601 -0.060054 0.170645 0.073934 -0.003176
772 0.041683 0.003213 0.116699 0.131384 -0.050122
778 -0.000903 -0.062067 0.195506 0.022890 0.051041
1045 0.163902 -0.090467 0.231549 0.158770 0.020785
1683 -0.033954 -0.022332 0.099728 0.010689 -0.069817
669 0.000106 0.025820 -0.101665 0.038599 -0.037474
668 -0.112681 0.092707 0.010376 0.138597 -0.041240
1469 0.000593 -0.024053 0.007445 0.106165 -0.046286
1463 0.005229 -0.120710 0.105393 0.110090 -0.116103
1316 -0.088944 -0.025248 0.126162 0.060731 0.045579
1319 -0.092215 -0.107411 -0.022177 0.137385 -0.090108
1334 0.053714 0.059448 -0.040151 -0.126838 -0.033732
441 0.108456 0.155604 0.107508 0.152207 0.037239
1331 0.114605 -0.019285 0.073438 -0.018230 0.087936
964 0.257662 0.128205 0.016867 0.171819 -0.011605
961 0.343724 0.046540 0.053623 0.073869 0.112930
642 -0.141191 -0.097229 -0.160118 -0.170236 -0.003597
898 -0.152315 -0.025519 -0.350048 -0.120952 0.053321
1537 -0.072056 -0.070175 0.014960 0.083980 -0.031750
768 0.031948 0.020268 -0.034166 0.136929 -0.009996
766 0.082289 0.129046 -0.058376 0.034891 0.036613
1078 0.156309 0.163580 0.089745 0.169821 0.105627
1076 0.225791 0.230772 0.049085 0.146140 0.018365
1075 0.183270 0.100070 0.037312 0.182011 -0.032055
1073 0.224460 0.195786 0.098048 0.142959 -0.014051
1679 -0.154395 0.058749 -0.080619 -0.126454 0.067687
1096 -0.155080 0.181957 -0.094898 -0.207434 0.050253
677 -0.224620 0.041175 -0.440487 -0.355851 0.032824
1415 0.247628 0.078022 0.071759 0.022872 0.054024
1323 -0.182777 0.033363 -0.177715 -0.127989 0.091590
1325 -0.102833 0.033886 -0.128056 -0.092745 0.151205
1531 -0.118298 -0.025396 -0.006060 -0.066884 -0.119241
1525 -0.126469 -0.028872 0.033341 0.073442 -0.122177
1521 -0.036611 -0.058979 -0.067034 0.011441 -0.082750
957 0.128265 -0.043382 0.129624 0.066812 0.064685
956 0.082420 0.065292 0.046640 -0.049504 -0.064799
665 0.015708 -0.002305 -0.113727 0.101431 -0.112205
1791 -0.014566 -0.024620 0.057013 -0.013423 -0.006514
1064 -0.093161 0.061377 -0.052152 0.201023 0.028042
1667 0.097164 -0.109844 0.109888 -0.111322 0.089911
1666 0.083305 -0.009640 0.027371 -0.143882 0.042295
1662 0.034916 -0.115070 0.016659 -0.008304 0.041356
1086 -0.277225 0.031058 -0.074450 0.299440 -0.157487
593 -0.134719 -0.080242 -0.159047 -0.103412 0.093985
1081 -0.312601 0.046865 -0.106396 0.203267 -0.055739
1402 -0.183637 0.116423 -0.128426 -0.029173 0.099232
1337 0.078756 -0.026383 0.070759 -0.050579 0.073780
1336 0.037369 -0.046896 -0.033445 -0.092556 0.098109
445 -0.003055 -0.047989 0.014744 0.037115 -0.023243
695 0.098723 0.072144 0.045733 0.114305 0.025717
1885 0.110450 0.003082 0.054240 0.042781 0.118000
1883 0.046071 -0.027225 0.034636 0.071504 -0.045707
705 0.002713 -0.059840 -0.034838 -0.008231 -0.019757
706 -0.028980 0.048738 -0.035997 -0.001842 0.083167
702 0.055953 -0.071787 -0.005492 -0.020187 -0.023025
1659 -0.109077 -0.003534 -0.115446 -0.017366 0.100880
587 -0.209911 0.010887 -0.150455 -0.290041 -0.043043
584 -0.353218 -0.021704 -0.275347 -0.200771 0.054535
585 -0.301776 0.070103 -0.085269 -0.150405 0.056390
1434 -0.079673 0.097238 -0.007542 0.019672 0.008806
1341 -0.135507 -0.001522 0.104296 0.019136 -0.034621
1342 -0.048212 -0.011628 0.005121 0.124401 -0.016084
453 -0.133140 -0.104254 -0.068091 -0.041669 0.039147
1506 -0.007253 0.071918 0.157326 0.103926 -0.075456
1504 0.049474 0.025873 0.068400 0.047678 0.012022
1376 0.073451 0.040575 0.030563 -0.037881 -0.065972
998 -0.158966 0.037945 -0.103136 -0.133756 -0.144509
573 0.129792 -0.093092 0.184240 0.106190 -0.027176
733 0.096476 0.025295 0.088967 0.069143 -0.110389
466 -0.038409 -0.053856 -0.105633 -0.011451 -0.036385
1512 -0.220224 0.157791 -0.060292 0.186452 -0.002210
1275 0.015766 -0.156776 -0.041195 -0.125148 0.087665
988 -0.226813 0.062242 -0.026865 -0.081105 -0.001197
981 -0.183964 0.096370 -0.192208 -0.025343 0.154756
984 -0.145526 -0.020460 -0.164923 -0.042934 0.024068
985 -0.165617 0.075047 -0.119485 -0.089485 0.102133
1388 -0.071707 -0.042099 -0.146485 -0.195004 0.054735
1632 0.064086 0.022598 0.055403 -0.091259 -0.031502
484 0.032996 0.018758 -0.031678 -0.124854 0.096019
1638 -0.044642 -0.019062 0.043841 0.067065 -0.026144
563 -0.084465 0.107444 -0.012271 0.074244 0.076614
567 0.004012 0.024447 -0.069279 -0.037575 -0.011805
1188 0.068207 -0.066768 0.174299 0.181811 -0.042946
1183 0.165320 0.048794 0.110999 0.232241 -0.131345
1181 0.081243 0.198821 0.042779 0.172142 -0.148191
726 -0.351125 -0.051112 -0.203920 -0.240887 0.017785
1749 -0.019232 0.058539 -0.037997 -0.035758 -0.034193
1744 -0.073712 -0.035108 -0.033633 -0.074314 -0.025955
1164 -0.034667 -0.218066 -0.018105 -0.210869 -0.068965
1165 -0.018457 -0.180311 0.052801 -0.156266 -0.008447
1166 0.033214 -0.088352 0.167774 -0.124638 -0.081231
1296 0.229465 -0.185193 0.249152 -0.095496 -0.096047
1294 0.144525 -0.151992 0.106165 0.002629 -0.091354
1713 -0.030535 -0.023114 -0.066720 0.238992 0.009716
1381 -0.084822 -0.085216 -0.254725 -0.186854 -0.048926
473 0.028625 -0.064866 0.068679 0.029807 0.023959
474 -0.045871 0.031054 0.091371 0.011950 -0.105408
475 0.054637 -0.063833 0.078601 0.024735 -0.027778
1781 0.137868 -0.001056 -0.007179 0.062712 -0.098291
1622 -0.108726 0.039855 0.021588 0.072859 -0.011886
1629 -0.172280 0.038987 0.075238 -0.037991 0.046229
557 -0.008391 0.065765 0.024537 0.075239 0.024878
551 0.004335 -0.068104 0.085342 0.052591 -0.122614
553 0.130459 -0.062557 0.079801 0.128420 0.036659
513 0.022503 0.009304 -0.033323 -0.077986 -0.020687
1284 -0.232405 0.058693 -0.229880 -0.069665 0.071773
688 0.061997 -0.094408 -0.141202 -0.193042 0.099949
683 0.051185 -0.113415 -0.070096 -0.150898 0.170595
1223 -0.192565 0.065041 0.100549 0.044933 -0.059432
405 -0.129793 -0.056841 -0.016261 -0.064834 -0.008871
373 -0.144859 0.069936 -0.008132 -0.109905 -0.083208
375 -0.236889 0.034679 -0.087258 -0.088490 0.015023
376 -0.196789 0.056675 -0.104377 -0.113198 -0.039855
393 -0.095695 -0.114680 0.021435 -0.100567 0.096755
1616 0.163315 -0.073519 0.072633 -0.092378 0.032041
1615 0.140574 -0.078560 0.119699 -0.068957 0.045845
1768 -0.012034 -0.048487 -0.022262 0.037451 0.030001
1769 -0.048413 -0.045987 -0.047320 0.136095 -0.050750
1762 -0.000992 -0.042274 -0.019156 0.078698 -0.088791
1763 -0.105147 -0.041240 0.092368 -0.000114 0.031734
1766 -0.082719 -0.033250 -0.107694 0.065594 0.012186
1142 0.003665 0.071124 -0.048674 0.114370 -0.059619
1144 0.080891 -0.002432 -0.001712 0.150870 0.075715
1541 -0.043029 0.076698 -0.032161 0.133790 -0.023895
543 0.141945 0.093461 0.084666 0.094319 -0.086378
1786 -0.081567 0.044462 0.070239 0.103709 0.058929
416 -0.009722 0.079699 -0.066895 0.094885 -0.012229
413 -0.125249 0.075365 -0.094649 0.078560 0.087229
1383 -0.209304 -0.088380 -0.154497 -0.110173 -0.074210
369 0.024163 -0.090395 0.128268 0.022687 -0.053025
387 0.236556 0.049746 0.174565 0.086523 -0.056308
1812 -0.085254 -0.070436 -0.040339 -0.005562 0.029987
1608 -0.107149 0.065935 -0.035527 -0.150082 -0.061988
1605 -0.058083 0.028226 -0.088547 -0.143868 0.064891
1772 0.030808 0.132030 -0.074040 0.018110 -0.061333
1551 -0.145579 -0.034468 -0.204066 -0.131971 -0.052540
534 0.028579 0.064114 -0.024011 -0.024738 0.018522
1399 -0.140989 -0.098176 -0.064890 -0.192865 0.184061
425 0.023253 0.055546 -0.111420 0.093822 -0.120739
1321 -0.200247 -0.011724 -0.067085 -0.097888 0.069690
1805 -0.042094 0.041323 0.051026 0.100397 -0.097743
1492 -0.162156 0.086964 -0.016214 0.274122 -0.020598
1494 -0.149030 0.018121 0.091110 0.232773 -0.128875
1395 -0.189724 0.016861 -0.084793 -0.075844 -0.012475
1709 0.026800 0.032673 0.089543 0.008304 -0.026362
1121 -0.330584 -0.050113 -0.159703 -0.168161 0.013457
1015 -0.157716 0.007743 -0.273566 -0.278411 0.108668
1012 -0.169676 -0.086450 -0.186762 -0.283328 -0.005143
1237 0.135301 -0.123394 0.116448 -0.011667 0.035221
437 0.086895 -0.096253 0.009009 -0.008400 -0.031579
827 0.139926 0.077516 0.183574 0.066392 0.086368
826 0.089681 0.132520 0.150974 0.196237 0.007008
1136 -0.130523 0.120362 -0.060729 0.194960 -0.052107
1134 0.045023 0.053116 -0.032910 0.136735 0.043016
1277 0.120082 -0.111768 0.049031 -0.062416 0.058379
519 0.036155 -0.085286 -0.001000 -0.025232 -0.099508
1001 -0.109162 0.098278 -0.084426 0.209561 -0.001975
629 -0.233127 0.079682 -0.256345 -0.125810 -0.089969
1575 0.085231 0.109801 0.011319 0.073144 0.118577
682 -0.135394 0.068433 -0.189356 -0.062264 0.135561
926 0.185110 0.038644 0.068366 0.129958 -0.056174
832 0.292266 -0.120685 0.195000 0.012536 -0.045537
835 0.253392 -0.146959 -0.023682 0.048278 -0.104353
1729 0.093507 -0.072730 0.049535 0.151954 0.105875
1726 0.096043 0.066505 0.123720 0.000750 0.011156
1583 0.109652 -0.088469 -0.030905 -0.085244 -0.001434
1373 0.040904 0.011107 0.038357 -0.121480 -0.146241
1212 -0.061258 -0.077647 0.125473 0.010174 -0.021310
633 0.119026 0.129017 0.063764 0.199571 0.031106
1217 -0.070062 -0.227700 0.056323 0.080278 -0.008376
636 0.103132 0.053376 0.121339 0.107370 0.024824
637 0.064935 0.119329 0.012030 0.190172 -0.002370
1104 -0.139252 0.001383 0.125210 0.103441 -0.095567
1103 -0.037920 -0.052022 0.236307 0.062688 -0.069048
1851 -0.013871 -0.103759 0.008905 0.001016 0.030769
917 -0.094554 -0.009703 -0.144339 -0.127241 0.031205
912 -0.177587 0.054620 -0.175238 -0.008547 0.088401
846 0.037624 0.064954 0.113673 0.174167 -0.076951
1737 -0.108508 -0.072186 -0.098664 0.014366 0.088646
1039 0.041795 -0.043953 0.041560 0.055360 -0.082149
756 0.044123 -0.109000 0.090303 -0.024245 -0.000919
758 -0.067956 -0.017967 0.059248 0.117959 -0.068429
1594 -0.118272 -0.033277 -0.241739 -0.174715 -0.006709
1597 -0.085029 -0.062144 -0.211494 -0.079625 0.076322
1592 -0.059525 -0.124721 -0.229849 -0.176233 0.034848
1026 -0.155754 0.059131 -0.207649 -0.246862 0.175552
1029 -0.286361 -0.101330 -0.293481 -0.213516 -0.030678
1444 0.035075 -0.099399 0.017223 0.021211 -0.126846
1454 -0.252597 -0.093522 -0.098619 0.104280 -0.052465
1453 -0.080924 -0.027717 -0.210707 -0.155115 0.001057
855 -0.087242 -0.152726 -0.132346 -0.270798 0.198714
856 -0.180114 -0.195794 -0.215403 -0.398660 0.094065
857 -0.097327 -0.141707 -0.055501 -0.142011 0.216251
851 -0.087557 -0.105661 -0.057694 -0.316668 0.106497
853 -0.010198 -0.167440 -0.011971 -0.214872 0.153459
1052 0.059325 -0.165995 0.118280 0.100778 0.091737
1056 -0.076285 -0.135698 0.147800 0.094940 -0.014461
715 -0.012928 -0.118581 -0.079679 -0.152627 0.030283
1278 0.053733 -0.064750 -0.043120 -0.089352 0.025819
615 0.035597 0.153832 0.021506 0.034640 -0.058807
1474 -0.088297 -0.088282 -0.082718 -0.014529 0.147432
1307 0.039101 -0.111601 0.165342 -0.061755 -0.045834
495 -0.108194 -0.116211 -0.064568 -0.004974 0.109023
1085 -0.264078 -0.043985 0.010325 0.249291 -0.002295
1873 0.089776 0.007674 0.041328 -0.067388 -0.015814
1879 0.016929 0.045141 -0.016687 0.089514 0.004277
977 -0.054007 -0.086775 0.162779 -0.007299 0.007199
596 -0.021475 0.009589 -0.155605 -0.138548 0.104460
865 -0.109056 -0.084606 0.096576 0.259302 -0.116606
867 0.067047 0.040527 0.070733 0.112202 -0.154034
885 0.078762 0.048909 0.146191 -0.039070 -0.056766
884 0.031847 0.013321 0.137055 0.107139 -0.093727
774 0.110631 0.055434 0.167428 0.099002 -0.084335
1044 0.052109 -0.153127 0.142545 0.014131 -0.022023
1687 -0.056767 -0.113293 0.035928 -0.008491 0.040845
661 -0.072346 0.070147 -0.103789 0.011929 0.038829
1466 -0.062754 -0.151793 0.091041 -0.014353 0.004410
1312 0.011080 -0.106531 0.113704 0.058109 -0.003613
1863 -0.078176 -0.028437 -0.104094 0.087234 0.041246
1865 -0.064176 -0.021429 -0.088526 0.054230 0.030505
965 0.344836 -0.017017 0.154711 0.030858 0.160977
966 0.260361 0.052851 0.035470 0.023614 -0.000142
969 0.197737 -0.078491 0.156443 0.110136 0.048529
645 -0.144773 -0.091280 -0.219516 -0.274753 0.036423
895 -0.142380 -0.024805 -0.261853 -0.167982 0.060650
896 -0.123598 0.020929 -0.305639 -0.178180 0.078671
899 -0.150435 0.015080 -0.195796 -0.203799 -0.069374
1249 0.148931 -0.014405 0.034972 0.060385 0.095272
1788 -0.000477 -0.009245 0.097651 0.073715 -0.088437
1674 -0.083485 -0.042516 -0.134949 -0.142101 0.082178
1533 -0.153890 -0.084111 -0.031523 -0.033836 -0.120377
1418 0.136872 0.169771 0.002333 0.030961 0.108174
1417 0.212034 0.160436 0.077349 -0.062325 0.107577
1326 -0.182742 0.074019 -0.079364 -0.115122 0.029038
1255 -0.220628 -0.017675 -0.160864 -0.046796 -0.032583
1528 -0.081107 0.030418 0.061457 0.039056 -0.053202
1893 0.026069 0.004104 0.008405 0.050015 -0.049421
1263 -0.055310 0.098009 -0.047829 -0.023484 -0.012997
718 -0.081641 -0.046594 -0.098411 -0.114172 0.005516
717 -0.036851 -0.170478 -0.152447 -0.221194 0.175060
712 -0.184104 -0.144008 -0.156980 -0.304860 0.078138
1795 -0.019488 -0.044898 -0.027252 -0.043679 0.003046
1264 -0.118510 0.045027 -0.018274 0.067788 0.010034
1665 0.103615 -0.037248 -0.039355 0.071443 -0.074278
1663 0.034082 -0.065008 0.021439 0.007015 -0.033382
1083 -0.089098 -0.090186 -0.030351 0.173263 -0.078066
1082 -0.321668 -0.008401 -0.049564 0.304134 -0.154255
599 -0.093983 -0.073783 -0.216579 -0.019609 -0.070419
1338 0.071374 -0.073479 -0.051307 -0.144242 0.032175
1245 0.103041 0.033447 0.119188 0.054357 -0.102396
1247 -0.069650 0.024608 0.099473 0.187928 -0.070802
1353 -0.047257 -0.114686 -0.009178 0.028600 0.000711
586 -0.300192 0.062342 -0.229329 -0.309599 0.080053
582 -0.074636 -0.041057 -0.211686 -0.116422 0.139140
1503 -0.020173 0.021609 0.154172 0.050732 -0.072658
655 -0.138942 0.079279 -0.104628 0.021794 -0.050662
653 -0.072895 0.078332 0.074129 0.102082 0.035455
995 -0.170165 -0.075435 -0.096674 0.012132 -0.171179
997 -0.254801 0.111690 -0.075329 -0.141014 -0.126934
996 -0.220799 -0.032307 -0.082768 -0.055327 -0.008278
993 -0.128152 -0.058366 0.001154 0.024341 0.030035
1642 -0.067240 -0.069741 0.076603 0.060436 -0.097956
728 -0.277649 0.004011 -0.331641 -0.127545 -0.047845
576 0.062380 -0.048323 0.146279 0.005192 -0.011981
1428 0.087927 -0.065129 0.062187 0.164166 0.076573
731 -0.027104 0.003748 0.217072 0.042317 -0.162887
1393 -0.126257 -0.099056 0.007069 -0.050664 0.100145
469 -0.013804 0.040814 -0.013433 0.047509 0.076697
465 0.032767 -0.072458 -0.088456 0.100344 0.060346
464 0.042667 -0.045296 -0.034527 0.101015 0.020548
1355 0.057795 -0.022332 0.041776 -0.021150 -0.135728
1518 -0.177419 0.016484 -0.093107 0.207711 -0.089342
352 -0.156291 0.038133 -0.051122 -0.023273 0.075830
358 -0.056983 -0.053557 0.003912 -0.011463 0.083455
1112 -0.003206 -0.011147 0.077194 0.012851 -0.126241
1792 -0.064276 0.017105 0.052431 0.016956 -0.084555
1567 -0.088895 -0.070739 -0.067134 -0.094878 0.108801
987 -0.220669 0.132743 -0.033750 -0.121343 -0.030232
1035 -0.030156 0.177622 0.027056 0.157849 0.018944
1187 0.012127 0.080639 0.112240 0.129179 0.014146
1748 -0.141805 0.052906 -0.022373 -0.100131 -0.062027
1745 -0.121901 0.000248 0.047354 -0.057869 0.072619
1163 -0.058931 -0.061080 0.087980 -0.106379 -0.097440
1168 -0.061167 -0.066912 0.036529 -0.024924 -0.052750
1367 0.160358 0.101389 0.142241 0.000598 -0.072648
1299 0.028988 0.026907 0.081189 -0.109657 -0.050427
1297 0.082724 -0.146867 0.179096 0.024569 0.034707
1295 0.158986 -0.136734 0.102165 -0.051611 -0.150442
1712 -0.084732 -0.057296 -0.063170 0.084232 0.009808
794 0.211196 -0.004051 0.056163 0.162462 -0.104808
478 -0.079112 -0.081799 0.125373 0.063388 0.003031
1368 -0.012905 0.029002 0.038171 0.037402 0.086828
1132 -0.098766 0.094778 -0.036137 0.088405 -0.115582
1626 -0.021297 0.009235 0.070158 -0.022403 0.011770
1198 -0.263506 0.136784 -0.161920 -0.087725 0.023665
1195 -0.030047 -0.080032 -0.218442 -0.117116 0.145712
1756 -0.172318 0.032234 0.066124 0.030225 -0.062750
1751 -0.183277 0.110749 -0.001540 0.148382 -0.014036
1174 -0.209359 -0.006764 -0.115358 0.012964 0.003851
1171 -0.090780 0.114305 -0.070631 -0.021861 -0.032951
1282 -0.241004 -0.074450 -0.070290 -0.050818 0.075647
689 0.038103 0.015686 -0.180353 -0.019585 0.063184
685 -0.137376 -0.023177 -0.010682 -0.007618 0.126572
1226 0.024301 0.127792 -0.027447 0.068025 -0.090513
407 -0.043813 0.078014 0.009150 -0.045900 -0.052413
399 -0.033793 0.009547 -0.016170 -0.053627 0.040817
1146 0.138886 0.068530 0.122892 -0.000896 0.127723
1148 0.145506 0.049295 -0.052612 0.068719 0.026607
541 0.024707 0.101232 0.020436 0.094348 -0.047911
414 -0.132490 -0.020415 -0.128183 0.064788 0.077425
415 -0.121562 -0.009116 -0.092183 0.094608 0.101215
1387 -0.110281 0.103601 -0.204481 -0.162255 0.031856
382 0.218178 -0.001943 0.156792 0.047913 0.080831
389 0.235509 -0.026914 0.032957 0.064679 -0.056334
908 -0.231967 0.110184 -0.185488 -0.231028 0.072550
909 -0.107179 -0.001027 -0.295241 -0.183712 0.075348
1815 -0.022631 -0.000788 -0.012534 -0.033614 0.049971
1602 -0.052956 0.014609 -0.045957 -0.076383 -0.009864
1777 -0.142561 0.068718 0.009804 0.022056 0.106478
1554 -0.170352 0.095676 -0.058163 0.021256 0.073904
536 0.046127 -0.002232 -0.064623 -0.004543 0.028627
533 0.064399 0.089074 -0.034981 0.066029 0.085761
428 -0.021926 -0.051023 -0.086328 0.054726 0.032172
818 0.290020 0.167126 0.068450 0.098583 0.038030
816 0.209905 -0.044223 0.050576 0.011102 -0.052957
1708 -0.090940 -0.057974 0.098958 0.014849 0.010229
426 -0.069627 0.089524 -0.038031 0.046596 0.075562
525 -0.000521 -0.049841 0.074207 -0.100351 0.076837
1234 -0.007381 -0.086051 -0.017395 -0.073471 -0.043205
1236 0.102031 -0.076236 -0.007866 -0.017770 -0.007839
1231 0.033081 -0.001569 0.041505 -0.110130 0.010063
432 0.068493 0.001508 0.025599 -0.002501 0.008586
431 0.000993 -0.026294 0.058648 0.092245 -0.097525
1836 -0.023335 0.007280 -0.078926 0.041189 -0.042540
1838 0.120863 0.077684 0.000320 0.077928 0.110407
932 0.092933 -0.005931 0.207751 0.033880 -0.056058
1481 0.032434 0.084007 -0.162754 -0.213268 0.119742
1486 0.023692 0.101935 -0.108353 -0.086608 0.120213
1489 0.037875 -0.004204 -0.133349 -0.078365 0.073293
1488 -0.086888 -0.013212 -0.156783 -0.162887 -0.012783
797 0.068578 -0.058799 0.128046 0.003157 0.002369
1138 -0.127429 0.104950 -0.004400 0.072390 -0.103862
614 -0.050761 0.073097 0.097151 0.092215 0.058898
1009 -0.030551 0.092030 -0.086873 0.088322 0.009095
1002 -0.037688 0.001459 -0.059059 0.175197 -0.108832
626 -0.168533 -0.060274 -0.339734 -0.325866 0.063507
624 -0.150095 -0.045251 -0.382832 -0.182108 -0.043000
628 -0.274828 -0.095857 -0.266846 -0.189901 -0.043842
1286 -0.110029 -0.039722 -0.013291 -0.124298 -0.049799
834 0.135903 -0.039682 0.207482 -0.031722 -0.004210
838 0.170085 -0.090464 0.059757 -0.130522 -0.042407
839 0.119814 -0.127008 0.201161 -0.034837 -0.000897
785 0.179619 0.105331 0.117404 -0.014803 -0.108762
1725 0.135381 -0.051207 0.110896 0.015536 0.064308
788 0.203560 0.039338 0.081854 0.114425 -0.037872
1585 0.077803 -0.027449 -0.024501 -0.098942 -0.012299
509 -0.193097 -0.045532 -0.154012 -0.175973 0.032374
504 0.000178 -0.062539 -0.071349 -0.112046 0.117020
1216 0.031249 -0.002797 0.042884 0.134070 -0.069180
913 -0.143506 -0.024818 -0.109894 0.019365 0.125977
459 -0.029779 -0.056332 -0.160471 -0.073565 -0.074623
1587 0.001882 -0.065488 0.003719 0.032020 0.097055
1733 -0.132550 -0.029058 -0.016396 0.047801 0.095083
1736 -0.015498 -0.061925 -0.137290 0.052238 -0.044834
1591 -0.060653 -0.111636 -0.086569 -0.205460 0.028374
1024 -0.401773 -0.006710 -0.193224 -0.054186 -0.010372
1027 -0.154761 -0.048434 -0.229883 -0.130373 0.022408
1021 -0.151510 0.006215 -0.066987 -0.250225 0.064834
1034 0.096155 0.037965 0.012411 0.179284 -0.064328
601 -0.083025 0.044085 0.090018 0.017843 -0.122499
1207 0.016849 0.082498 0.052247 0.188867 -0.126432
1449 -0.112451 0.055683 0.106447 0.140419 -0.126734
461 0.047499 -0.062158 -0.008281 0.053775 0.045718
485 -0.090110 0.028647 -0.108494 -0.148432 0.026923
1842 -0.101245 0.095239 -0.020320 -0.068521 -0.079364
741 -0.159443 0.043284 -0.140699 -0.239846 -0.019195
742 -0.108552 -0.035170 -0.261406 -0.150417 0.061463
1055 0.055808 -0.130769 0.094962 0.061032 0.094949
1695 0.045834 0.010555 -0.017479 0.006546 0.003515
1271 0.027769 -0.069791 0.066305 -0.134571 0.133825
1306 0.008647 -0.084181 0.158502 -0.005383 -0.030765
1301 0.026655 -0.036430 0.127681 -0.039643 -0.013945
1303 -0.131396 -0.090936 0.161086 0.127499 -0.068516
446 0.121768 0.036488 0.014413 0.130114 -0.106161
1874 0.072723 0.002378 -0.085417 0.080784 0.101211
1872 -0.018676 0.051655 0.074087 -0.059575 -0.043987
974 -0.056597 0.066277 0.127267 -0.040912 -0.128588
777 0.029028 -0.079401 0.156324 -0.007056 0.053904
1681 0.006798 -0.055379 0.110722 0.088112 0.074516
1686 0.066578 -0.046887 0.108791 -0.033415 0.030487
1465 -0.100140 -0.048036 -0.012348 0.001753 -0.053081
1862 0.028316 -0.050869 0.051923 0.047909 0.087719
1867 0.073906 0.046498 -0.061357 0.016316 -0.047728
1868 -0.022661 -0.001307 -0.071278 0.033662 -0.000837
963 0.258751 0.088048 0.118335 0.102898 0.003900
875 0.201935 -0.023472 0.189901 0.020221 -0.041310
1535 -0.154147 0.077600 -0.016352 -0.054380 -0.050221
897 0.003056 -0.058306 -0.164389 -0.155149 0.038536
1074 0.170680 0.073664 0.074555 0.164223 0.045851
1671 -0.083976 -0.002734 -0.072383 0.020368 -0.068003
1673 -0.023175 -0.098639 -0.076568 -0.085712 -0.056371
1092 0.035670 0.106940 -0.215458 -0.083073 0.023192
672 -0.149732 0.015169 -0.244149 -0.085767 -0.087654
1324 -0.174477 0.078539 -0.050328 -0.131257 -0.020751
1899 -0.011558 0.050223 -0.126680 0.059824 -0.059792
1894 -0.024078 0.033101 -0.100555 0.002035 0.007272
951 0.080895 -0.033652 0.026981 0.073948 0.106868
952 0.000611 -0.034148 0.021286 -0.036623 0.074913
506 -0.129265 0.055129 -0.080403 -0.149552 -0.022812
716 -0.008434 -0.131293 -0.085874 -0.147641 0.123719
713 -0.130378 -0.028818 -0.094039 -0.199162 0.119288
1063 -0.138964 0.047988 -0.136142 0.178046 -0.121741
1065 -0.123985 -0.026769 -0.075711 0.177687 -0.103213
1664 0.017515 -0.004105 0.112381 -0.133495 0.109723
1409 -0.009694 0.082870 0.026542 -0.057895 0.034944
1401 -0.094983 0.093629 -0.119767 0.004993 -0.060168
1339 0.107160 -0.073727 -0.035189 -0.050847 -0.067310
1539 -0.017278 -0.065792 -0.054197 -0.003090 -0.126811
943 -0.124726 -0.120016 0.063587 0.093509 -0.205155
1653 -0.155991 -0.001933 0.008445 -0.064940 0.058100
1654 -0.126390 0.033559 -0.042820 -0.108244 -0.073733
1633 -0.005744 -0.092338 0.000155 -0.064283 -0.036718
1432 0.111270 -0.048671 -0.012741 0.114703 -0.080405
418 -0.019155 -0.095287 -0.003585 0.095012 0.028078
1438 -0.006588 0.037661 0.029607 0.094593 0.009186
1349 -0.052033 -0.048571 0.055334 -0.019291 -0.012237
1505 0.052523 -0.058241 0.137426 -0.032525 0.023189
994 -0.232931 -0.102944 0.010707 -0.154496 -0.138691
1644 0.017714 -0.060384 0.008136 0.050274 -0.102220
729 -0.192989 -0.046346 -0.268272 -0.178490 -0.019645
575 0.130291 -0.044691 0.131014 0.124107 -0.082155
574 -0.088316 -0.034045 0.085442 0.061385 -0.117046
1422 0.119335 0.087100 0.037328 0.042036 -0.034117
1511 -0.120060 -0.021673 -0.052235 0.153058 0.001526
1735 -0.098339 -0.005701 -0.125161 -0.031963 -0.059794
1115 0.035962 0.051253 0.042438 -0.042509 -0.159224
1117 0.003468 -0.089879 0.146829 0.068620 -0.026787
1561 0.024420 0.026397 -0.096762 -0.127424 0.090798
1564 -0.044480 0.042809 -0.045637 -0.125512 0.001969
989 -0.216144 -0.020633 -0.092816 -0.118555 -0.023069
986 -0.234337 0.031526 -0.149444 -0.164778 0.029151
1639 0.015415 0.032825 0.028486 -0.125138 0.015907
561 -0.067378 -0.019334 0.003518 0.032239 -0.081515
562 -0.007312 -0.056475 -0.074309 0.098800 -0.000229
565 -0.079480 0.034484 -0.018537 0.090206 -0.009878
724 -0.219303 -0.043284 -0.206094 -0.179886 -0.022894
1747 -0.077348 0.074167 0.059828 -0.034105 0.061296
1742 -0.053646 0.026690 -0.036411 -0.044206 -0.011580
1361 0.077961 0.106478 0.070275 -0.018891 0.049716
793 0.194933 0.024727 0.220864 0.041341 0.052990
1716 -0.060031 0.127490 0.076380 0.137978 -0.081833
472 -0.046307 -0.002733 0.011332 -0.040554 0.021219
476 0.008808 -0.065116 0.039096 0.111822 0.028290
477 -0.044824 -0.068784 -0.036051 0.089782 0.039256
597 -0.005918 0.038825 -0.110499 -0.131992 -0.061830
1623 -0.107558 -0.044049 0.067345 -0.028592 -0.090068
552 -0.037151 -0.011104 0.026379 0.072382 -0.079561
1193 -0.233370 -0.052449 -0.225197 -0.149684 0.113925
1175 -0.110690 -0.005128 -0.060710 -0.056804 0.115459
511 0.123828 0.078402 -0.025159 -0.079177 -0.078122
1287 -0.151530 -0.057402 -0.010124 -0.007402 0.006935
1288 -0.165791 -0.004794 -0.059942 -0.186580 -0.038958
1578 0.077297 0.039806 0.027271 0.009854 0.032362
623 -0.305118 -0.095347 -0.261416 -0.175485 -0.059026
408 -0.072401 0.001518 0.071817 -0.003934 -0.099219
1343 -0.045394 -0.051645 0.082385 0.015918 -0.116869
647 -0.126920 -0.079934 -0.181321 -0.173394 0.082840
397 -0.024119 0.019232 -0.109382 0.027955 -0.099900
1618 0.165933 0.001143 0.054584 -0.079250 0.062365
1363 0.036577 0.182999 -0.040730 -0.022864 0.013888
1767 -0.027944 0.030870 -0.088340 -0.040852 -0.013395
696 -0.018007 0.046206 -0.031439 0.033707 0.063027
1549 -0.020971 0.071527 -0.059527 0.053158 -0.119655
546 -0.039388 -0.009808 0.036939 -0.049822 0.033209
1782 -0.040326 -0.120948 0.000714 -0.055815 0.020993
761 -0.022416 0.004487 0.012956 0.070330 -0.091920
419 -0.076247 0.045592 -0.131912 -0.026999 0.097815
364 -0.048104 0.094338 0.057669 0.062786 0.047822
365 -0.041005 -0.001072 0.003878 0.042465 -0.017515
361 0.025870 -0.078373 -0.065215 -0.020120 -0.071022
386 0.151535 -0.011402 -0.010809 0.068851 0.076392
901 -0.015653 0.034251 -0.057805 0.021054 0.036522
1601 -0.086012 0.089751 -0.119917 -0.082184 -0.061337
805 -0.089940 0.098319 -0.061182 0.035887 -0.155788
1776 -0.078970 0.013062 -0.105182 -0.050196 0.102750
1557 -0.162616 0.025385 -0.060019 0.004335 0.037371
1556 -0.084961 0.075379 -0.029026 0.054126 -0.048536
421 0.002882 -0.050764 0.059006 -0.060155 0.000572
1162 -0.019209 -0.067006 0.113568 -0.081592 -0.033460
1802 0.038141 -0.001228 0.041479 0.042325 -0.028203
1808 -0.064057 0.082864 -0.005832 -0.000524 -0.109509
1254 -0.046384 -0.082298 -0.140774 -0.063402 -0.079071
819 0.055424 0.000279 -0.012642 0.009688 0.037019
813 0.227938 0.088044 0.133621 0.128757 0.083976
1498 -0.076405 0.032203 -0.038552 0.206005 -0.098936
1499 -0.084773 0.036884 -0.025833 0.136533 -0.052456
1706 0.017612 -0.043252 0.054178 -0.061038 -0.106912
1707 -0.093870 -0.122952 0.062479 0.071718 -0.067117
1392 -0.108390 0.046209 -0.094928 -0.050405 0.080450
1129 -0.135059 -0.157425 -0.061503 -0.144438 0.143609
1126 -0.212593 -0.068296 -0.040820 -0.113053 0.042728
522 0.096069 0.042246 0.051258 0.093599 -0.018830
529 -0.028598 0.018771 0.054130 -0.060043 -0.065813
1232 0.039728 -0.023865 0.081546 0.061136 0.055730
939 0.138114 -0.098898 0.152253 0.080848 -0.005273
938 0.072030 -0.060468 0.090666 -0.028590 0.033878
829 0.101636 0.086562 0.160247 0.079267 -0.035001
1717 -0.037469 -0.034400 -0.027826 0.131575 -0.110335
1719 -0.068253 0.086627 -0.029985 0.131402 -0.107249
1008 0.013914 0.088661 0.059870 0.061848 0.010767
1007 0.019699 -0.019889 -0.060801 0.152169 -0.075481
1004 0.009179 0.141095 -0.013667 0.167608 -0.081743
1828 -0.021304 -0.074999 -0.098005 -0.050674 -0.057975
1822 -0.057015 -0.034391 -0.023104 0.013123 0.029665
925 0.133998 -0.043418 0.002400 0.010414 0.053379
927 0.142185 0.070573 0.060982 0.039170 -0.062959
787 0.101802 0.007975 0.087674 0.148081 -0.093306
1721 0.164049 0.011411 0.008161 -0.002837 -0.054167
502 -0.020444 -0.096588 -0.141753 -0.003595 0.120639
1213 -0.061937 -0.024608 0.024454 0.150822 0.028909
1218 -0.100496 -0.112527 0.085876 0.138786 -0.060519
1106 0.014361 -0.064701 0.127243 0.022967 -0.072494
1853 -0.055500 -0.099470 0.104548 0.044671 -0.092540
1854 0.045543 -0.037370 0.087929 -0.004728 0.062994
847 0.047394 0.127163 0.067814 0.121459 -0.022127
842 0.114650 0.084681 0.050810 0.047484 -0.028316
848 0.091107 0.118486 0.033189 0.065845 -0.014079
753 -0.045964 0.039241 0.102688 0.140507 -0.025733
759 0.068838 -0.074915 -0.029825 -0.049865 -0.049903
1595 -0.072342 -0.094200 -0.074064 -0.149688 0.073120
1596 -0.081043 -0.100286 -0.139743 -0.076255 -0.052084
603 0.067952 -0.054151 0.125936 -0.019130 0.052415
1354 -0.033528 -0.090897 0.160521 0.041128 0.007545
1848 -0.080609 0.041609 -0.058460 0.063833 -0.056963
1057 0.012560 -0.168032 0.062104 -0.040561 0.035712
1272 -0.051060 -0.147102 -0.012094 0.004528 0.000897
616 -0.040234 0.054370 0.120733 0.093314 -0.020065
1473 -0.095945 -0.083412 -0.046549 -0.088498 -0.053635
1475 -0.011127 -0.016465 -0.050312 -0.087147 -0.018859
491 -0.018884 -0.098035 -0.084106 -0.043861 -0.068527
973 0.010146 0.013421 0.113696 -0.061283 -0.100783
978 0.082377 -0.045780 0.117732 -0.004707 -0.023628
864 0.069126 -0.096527 0.025581 -0.022132 -0.105896
883 -0.060548 0.118384 0.108047 -0.025656 -0.007327
771 0.017273 -0.088343 0.058761 0.028610 0.016689
779 0.144238 -0.059787 0.089851 0.104371 -0.111765
1048 0.108351 -0.084311 0.246165 0.000912 0.092172
1688 0.062889 0.078086 -0.012337 0.038863 -0.111221
1269 -0.158665 -0.008076 -0.110566 -0.009492 -0.027621
1268 -0.050742 -0.003296 0.021856 -0.026142 0.024995
667 -0.034225 0.044437 -0.058793 0.018902 0.061679
1468 -0.086319 -0.100350 0.128956 0.024364 0.004033
1464 0.021018 0.032243 0.007047 0.094982 -0.092240
1467 -0.079570 -0.049250 0.103786 -0.020641 0.053527
1311 -0.068097 -0.010696 -0.040323 0.008349 -0.087050
1011 -0.070985 -0.102511 -0.270897 -0.072823 0.014209
443 0.064112 -0.004647 -0.019285 0.044675 -0.063385
1864 -0.025901 -0.009223 0.007244 0.012352 0.086741
968 0.220082 0.079176 0.029946 -0.001541 0.140305
641 -0.057567 0.009187 -0.235005 -0.256137 -0.061959
876 0.269972 -0.006527 0.047568 0.139214 -0.101990
874 0.066772 0.043014 0.042133 0.030758 0.048582
893 -0.203530 -0.075503 -0.140389 -0.089430 -0.100415
1097 -0.093638 0.012279 -0.190947 -0.067269 -0.040209
676 0.001228 0.047541 -0.272539 -0.204879 0.059581
1411 0.068952 0.152217 0.061421 0.017331 -0.038743
1322 -0.108356 0.012406 -0.146289 -0.093564 0.019450
1328 -0.105673 -0.014856 -0.027704 -0.050356 0.135578
1259 -0.097950 0.106119 0.001339 -0.126776 -0.094326
955 0.079195 0.037849 -0.025364 0.067653 0.065032
1794 -0.085120 -0.049640 0.118595 0.054014 -0.072752
1061 -0.079832 0.144841 -0.128449 0.102946 0.026556
1062 -0.181970 -0.009085 -0.015964 0.137332 -0.089289
1089 -0.235418 -0.038035 -0.064819 0.172287 -0.036924
1404 -0.051020 0.118353 -0.134956 0.012531 0.007273
1545 -0.001546 -0.030130 0.045769 0.173562 0.057867
1241 -0.003827 -0.019316 -0.021178 0.002031 -0.021451
1652 0.014288 0.081332 -0.112537 0.018423 0.015893
1435 -0.090632 -0.009800 0.054868 0.000890 -0.134161
1348 -0.046369 -0.013095 0.126426 0.103323 0.008799
991 -0.137265 -0.088924 -0.049218 -0.055606 -0.019622
1645 0.086928 -0.037189 0.004053 0.005259 0.039660
579 -0.014013 -0.011459 0.138571 0.014141 0.048329
578 0.028194 -0.085189 0.013146 0.010521 0.027006
1423 0.044489 0.118763 0.074536 0.005718 -0.057475
1357 0.069683 -0.020896 0.093622 -0.118112 0.039739
1519 -0.156077 0.150321 0.013204 0.056606 -0.002534
1516 -0.162738 0.070295 -0.041970 0.042265 -0.046624
1566 -0.126358 0.037487 0.010261 -0.009407 0.013611
1389 -0.094880 0.004950 -0.050767 -0.107544 0.016122
1631 -0.012345 0.003984 0.027676 -0.003971 -0.041801
1186 0.163707 -0.068657 0.093563 0.121018 0.046584
1182 0.075690 -0.006501 0.142463 0.116108 0.049500
721 -0.077803 -0.003349 -0.106566 -0.148701 -0.045208
1743 -0.094117 0.083919 -0.083790 -0.033614 0.034055
1201 0.004316 0.011106 0.024210 0.063823 -0.006946
347 -0.049642 -0.066277 -0.066426 -0.048078 0.015070
512 0.100784 0.077864 0.066678 0.055714 -0.094650
1222 -0.142748 0.109566 -0.014188 0.110444 -0.060756
1619 0.053582 -0.081595 0.111680 0.062089 0.015284
1617 -0.023005 0.071738 -0.043640 -0.132372 -0.055429
1765 -0.085347 -0.046037 -0.061514 0.065591 0.059254
691 0.031519 -0.053758 0.012066 0.038281 -0.027741
1382 -0.051646 0.084034 -0.115357 -0.078166 0.109840
381 0.100638 0.019623 0.019517 -0.038761 0.059378
679 -0.021449 -0.005434 -0.175063 -0.039551 -0.069145
1606 -0.089961 0.080726 -0.196467 -0.129674 0.096637
808 -0.059271 -0.028776 -0.129410 0.013634 -0.164251
539 0.075987 -0.087078 -0.051009 0.079976 0.096320
1398 -0.051933 -0.124874 -0.083849 0.004963 0.065391
1523 -0.085690 0.040329 0.099566 0.026955 -0.126280
1127 -0.127796 0.031027 -0.110093 -0.156784 -0.055211
1013 -0.188780 0.009880 -0.225562 -0.183875 -0.048942
436 0.059824 0.076232 -0.096099 -0.012660 0.005729
1833 -0.058529 -0.075139 0.007603 -0.008247 0.018557
1834 0.049665 0.000528 0.035620 -0.046830 0.098894
934 0.124442 -0.007414 0.187129 0.039240 -0.101246
821 0.051113 0.030355 0.150511 0.097513 0.056512
822 0.093263 0.058820 0.027609 0.047457 0.063201
798 0.227743 -0.082778 0.065682 0.080626 -0.065421
1131 -0.053421 -0.041374 0.025951 0.092874 0.009043
1224 -0.140254 0.070975 0.051825 0.066267 -0.079279
1573 0.060208 0.029971 -0.038466 0.045743 -0.040189
1821 0.025269 0.040472 -0.009147 -0.000700 0.054864
921 0.058486 -0.018785 0.023240 0.169431 -0.000318
831 0.208347 -0.077692 -0.007142 -0.073845 0.082779
1588 -0.007869 0.013160 -0.027013 -0.071537 -0.026633
783 0.023223 -0.012869 0.186836 0.122027 -0.088637
1723 -0.077580 0.112944 0.083918 -0.004798 -0.099374
1858 -0.079294 0.027236 -0.023795 0.083834 0.063586
602 0.066529 0.041925 -0.041115 0.116433 0.027977
1202 0.123731 -0.004953 0.055340 0.048920 0.118473
907 -0.076390 0.049877 -0.101336 -0.144509 -0.049757
1841 -0.051046 -0.050155 -0.056662 0.082605 0.083008
858 -0.025162 0.033607 -0.178677 -0.180178 -0.006826
744 -0.047003 0.078619 -0.191569 -0.103858 0.068959
747 -0.263468 0.035470 -0.192937 -0.247686 0.108027
1691 -0.059320 0.069912 -0.076708 0.071385 0.090017
711 -0.113777 -0.051360 -0.065622 -0.029329 -0.030853
1472 -0.070717 -0.089236 0.000947 -0.036557 0.086800
496 -0.175670 0.037655 0.069444 0.076159 0.087008
595 -0.103564 -0.030395 -0.007957 -0.103325 0.052352
1878 -0.049139 -0.007376 -0.068041 0.041907 -0.025748
1313 -0.037475 -0.120380 -0.039342 0.083829 0.002462
644 -0.084616 0.029894 -0.053365 -0.163553 0.031344
1248 0.055614 -0.041756 0.060544 0.197510 0.038852
765 0.016092 0.096893 0.091960 0.036063 -0.055728
1079 0.083535 0.005040 0.090587 0.123729 0.023255
1534 -0.053521 0.050790 0.000390 0.122181 -0.088961
674 -0.099154 -0.034767 -0.118119 -0.095484 0.061437
1412 0.100180 -0.012185 0.021263 0.080908 0.121120
1526 -0.072225 -0.087136 -0.041190 -0.019711 -0.113696
958 -0.062881 -0.017269 0.041300 0.081531 0.014871
1265 -0.083145 0.046996 -0.142119 0.077795 0.039959
1067 -0.019845 -0.052969 -0.012538 0.043323 0.036904
1669 0.098223 -0.030072 -0.006719 0.020936 0.027725
1403 -0.081149 0.081681 -0.020712 -0.064631 -0.014189
447 0.132116 -0.003537 0.043479 -0.037417 0.068912
1332 0.131160 0.033285 -0.082503 0.048082 0.000571
648 -0.146208 -0.043793 -0.164609 -0.104356 0.030411
1352 -0.121348 -0.078955 -0.009988 0.011384 -0.011723
949 0.023525 -0.074889 0.040243 0.140412 -0.031890
947 -0.098612 0.032299 -0.002753 0.181027 0.005794
707 -0.019016 0.088838 -0.035059 0.127206 -0.081111
701 0.033459 -0.042984 0.060464 0.029467 -0.059402
1421 0.120339 0.080289 -0.001430 0.087221 0.079144
1427 0.049856 0.097891 -0.021874 0.043196 0.014890
468 0.085571 0.092368 0.073323 -0.048808 -0.020999
1113 0.154845 -0.072083 0.049766 0.118539 -0.027592
1167 -0.011357 0.013637 0.099552 -0.077831 -0.064680
1364 0.043003 0.064139 0.042371 -0.039083 0.036741
1568 -0.014604 0.089206 -0.117217 -0.091513 -0.070304
1298 -0.021240 -0.017738 0.154378 -0.093769 -0.123641
1563 -0.012945 -0.025841 0.073709 -0.103744 -0.002298
457 0.034780 -0.002207 0.000894 -0.056412 0.063080
371 -0.061672 0.058594 -0.123952 -0.145565 -0.057988
652 -0.083338 0.022689 -0.069297 0.070554 -0.046512
804 -0.108370 0.011018 0.029758 0.139322 -0.112269
1778 -0.048792 -0.076788 -0.114377 -0.020110 -0.070500
1157 0.056039 0.144097 0.064450 0.060724 0.106590
1152 0.025217 0.135534 0.103348 0.011729 0.016953
429 0.076195 -0.066145 0.074915 -0.022023 0.002734
1823 0.057105 0.042951 0.019313 0.071570 -0.042248
1371 0.086529 0.023245 -0.003553 -0.100799 -0.030156
507 -0.073857 -0.084288 -0.088992 -0.000572 -0.020399
1105 0.065668 -0.066315 -0.006152 0.082931 -0.071059
1599 -0.080500 -0.042995 -0.035229 0.042484 -0.093015
635 0.020274 -0.032250 0.132504 0.109549 -0.081182
488 0.018719 0.089363 0.069180 0.045572 -0.058267
486 -0.006253 -0.086149 -0.045061 0.067912 0.044418
1084 -0.052062 -0.027308 0.097281 0.049189 0.090655
889 0.029477 -0.002815 -0.009152 0.127967 -0.047377
1049 0.066402 0.023737 -0.020036 0.008017 -0.025342
1091 -0.116993 0.017389 -0.037843 -0.016302 0.011330
1258 -0.040034 -0.006655 0.067542 -0.090270 -0.048965
1546 -0.010904 0.063439 0.022603 0.099117 -0.027420
442 -0.063312 0.083105 -0.032734 0.003424 0.061943
732 -0.064012 0.037440 -0.002425 0.042791 -0.006859
736 -0.091631 -0.089935 0.089961 0.033286 0.017416
1446 0.023347 -0.012842 0.028672 0.039558 -0.012651
1796 0.051256 0.006692 -0.036372 -0.059287 -0.039835
1636 -0.026223 -0.024535 -0.025707 0.057653 0.009232
569 0.018276 -0.060522 0.035215 0.002335 -0.010359
1711 -0.091433 -0.042569 -0.094170 0.003812 -0.001762
1627 0.075359 0.020679 0.061464 -0.030378 -0.055772
914 -0.066557 -0.077731 -0.060505 0.016933 0.012263
872 -0.079401 0.099362 0.039530 0.047422 -0.059674
1677 -0.022946 0.094738 -0.096195 0.055193 0.059258
1882 0.011806 0.055759 -0.076731 0.053605 0.012479
1647 -0.036509 -0.029269 0.028328 0.092734 -0.059763
