65 6
723 -0.279430 0.115467 0.216631 0.017921 0.205215 -0.121846
702 -0.296130 0.253021 0.296557 -0.028470 0.241266 -0.112126
719 -0.247794 0.287759 0.295287 -0.015941 0.210877 -0.056071
633 -0.376794 0.191085 0.165420 0.043915 0.145469 -0.103886
656 -0.302353 0.187090 0.156727 0.087655 0.202020 -0.028765
657 -0.352058 0.241857 0.272388 0.024346 0.104879 0.002215
681 -0.260471 0.309458 0.209948 -0.002164 0.148595 -0.030044
660 -0.292431 0.205185 0.161495 0.066821 0.229841 -0.083428
132 -0.370599 0.169591 0.218026 0.116727 0.140020 -0.232812
659 -0.305035 0.223168 0.296699 -0.070320 0.143510 -0.001000
577 -0.367726 0.235512 0.096750 -0.045728 0.078909 -0.062643
644 -0.396622 0.320241 0.078282 -0.023431 0.140688 -0.039681
725 -0.342228 0.223990 0.157993 0.112912 0.150964 -0.087243
710 -0.260817 0.142391 0.253358 0.052325 0.324093 -0.163353
707 -0.269151 0.333475 0.229309 -0.025443 0.245255 -0.146689
572 -0.308899 0.402494 0.147418 -0.111345 0.207935 -0.002563
506 -0.375857 0.229122 0.217597 0.028667 0.069213 0.002420
722 -0.267835 0.234924 0.230959 0.059451 0.228178 -0.110235
686 -0.328969 0.275711 0.149776 -0.076458 0.137905 -0.193663
351 -0.281117 0.186308 0.247624 0.034484 0.034632 -0.083512
634 -0.277456 0.176700 0.211021 -0.028348 0.226023 0.038284
726 -0.352708 0.157327 0.277388 0.070591 0.153207 -0.068906
727 -0.379128 0.162425 0.116780 -0.051836 0.159735 -0.070087
624 -0.294408 0.276830 0.237784 -0.017996 0.190699 -0.043337
600 -0.346348 0.257778 0.127114 0.045752 0.211462 -0.020410
599 -0.253532 0.280452 0.298322 0.067857 0.180434 -0.023758
553 -0.318425 0.182177 0.247268 0.039295 0.147803 0.133785
407 -0.301128 0.350990 0.182308 0.026605 0.194436 -0.062567
721 -0.262982 0.168807 0.371994 0.135373 0.283844 -0.010706
483 -0.352289 0.200978 0.231109 -0.145496 0.160828 -0.047946
714 -0.420396 0.262305 0.269087 -0.035790 -0.006139 -0.003297
460 -0.220662 0.288989 0.197368 0.124872 0.194795 -0.048220
691 -0.258488 0.160955 0.230933 0.135329 0.185403 -0.026266
606 -0.284085 0.312094 0.224364 0.092852 0.169321 -0.006042
669 -0.357617 0.222977 0.272838 0.129873 0.108104 -0.080863
708 -0.330939 0.189318 0.327123 -0.077891 0.194640 -0.113099
732 -0.328480 0.156325 0.249637 0.040411 0.137630 -0.040366
569 -0.307516 0.127211 0.268770 0.011000 0.216502 -0.100943
728 -0.380124 0.137864 0.205883 -0.034224 0.195427 -0.035389
655 -0.345418 0.252299 0.217396 0.054567 0.205299 -0.031507
733 -0.338186 0.256374 0.173512 -0.025849 0.198212 -0.128025
735 -0.368392 0.205167 0.187747 -0.054228 0.109389 -0.094247
552 -0.400803 0.282830 0.257578 0.037004 0.203425 -0.017022
529 -0.398292 0.222560 0.300468 -0.043295 0.181668 0.022299
690 -0.345166 0.215294 0.167827 -0.000540 0.117306 -0.068394
280 -0.326903 0.261172 0.132189 -0.054549 0.111672 -0.071558
482 -0.303531 0.261893 0.295284 0.000442 0.097555 -0.048731
720 -0.380596 0.191003 0.254250 -0.110212 0.208886 0.011756
731 -0.465992 0.232100 0.151344 -0.024566 0.203681 -0.136314
717 -0.249291 0.234591 0.234180 -0.001238 0.162557 -0.087633
576 -0.331554 0.214044 0.259601 -0.093087 0.182570 -0.044332
439 -0.324543 0.289902 0.223170 -0.011234 0.089962 -0.054702
712 -0.334729 0.279921 0.284829 0.026690 0.149995 -0.080977
713 -0.420476 0.304791 0.168557 0.036840 0.188939 -0.045062
729 -0.328969 0.157292 0.234365 0.048980 0.099924 -0.059738
372 -0.286738 0.154319 0.165310 -0.024004 0.229173 -0.025378
393 -0.341192 0.244003 0.177788 -0.004627 0.206166 -0.105173
716 -0.379546 0.304426 0.240484 0.054580 0.171110 -0.037325
734 -0.465089 0.167721 0.183725 0.043823 0.182908 -0.151511
730 -0.348300 0.335670 0.155144 -0.069183 0.261671 -0.011389
505 -0.295296 0.185865 0.203896 0.117763 0.197280 -0.082380
718 -0.332299 0.257794 0.153347 0.094672 0.177667 0.001525
736 -0.142849 0.130372 0.071452 -0.015534 0.004991 -0.028249
724 -0.208954 0.149112 0.047554 0.020390 0.121383 -0.116663
715 -0.147866 0.149771 0.092215 -0.043500 0.123718 -0.010325
