65 5
723 -0.260887 0.077665 0.060163 -0.262881 0.086266
702 -0.254733 0.052245 0.121965 -0.417661 0.041100
719 -0.197672 0.102784 0.074817 -0.399661 0.090744
633 -0.190563 0.177400 0.090552 -0.338006 0.045449
656 -0.174958 0.147937 0.022244 -0.316626 0.114988
657 -0.222906 0.100110 0.056496 -0.340193 0.123512
681 -0.142665 0.124751 0.027034 -0.394254 0.031963
660 -0.293125 0.093186 0.020757 -0.246935 0.243810
132 -0.301055 0.195722 0.074204 -0.270469 0.088449
659 -0.227565 0.103225 0.068633 -0.367140 0.046734
577 -0.229047 0.141904 -0.073838 -0.313344 0.066900
644 -0.251860 0.153515 -0.023941 -0.290412 0.083721
725 -0.195681 0.114970 -0.040880 -0.364777 0.007198
710 -0.159679 0.094643 0.163491 -0.367671 0.083741
707 -0.234548 0.125658 0.152370 -0.383393 0.132973
572 -0.310104 0.031086 0.071716 -0.385551 0.129127
506 -0.218188 0.089508 0.055077 -0.354711 0.136805
722 -0.261635 0.038750 0.119681 -0.314572 0.161257
686 -0.367684 0.137413 -0.027638 -0.253690 -0.004312
351 -0.167327 0.014542 0.109755 -0.352229 0.052364
634 -0.168438 0.117131 0.112754 -0.290294 0.149668
726 -0.249392 0.146653 0.202503 -0.270119 0.163833
727 -0.288405 0.074742 -0.066863 -0.321528 0.054712
624 -0.186537 0.121563 0.108423 -0.337930 0.306642
600 -0.123268 0.131552 0.044711 -0.376663 0.082380
599 -0.089709 0.085247 -0.040784 -0.432232 0.142672
553 -0.153984 0.257491 0.072777 -0.354705 0.068548
407 -0.349896 0.099921 0.081973 -0.291005 0.131165
721 -0.096182 0.150503 0.256226 -0.409732 0.016146
483 -0.192267 0.046256 0.084059 -0.403987 0.102172
714 -0.343788 0.077876 0.022358 -0.374887 0.088777
460 -0.245553 0.045748 0.160714 -0.325450 -0.024900
691 -0.152073 0.212337 0.145710 -0.360252 0.049948
606 -0.272324 0.110851 0.043300 -0.388347 0.133535
669 -0.261593 0.203676 0.066589 -0.352006 -0.004983
708 -0.327275 0.022518 0.113594 -0.348254 0.098496
732 -0.232424 0.102806 0.173991 -0.280284 0.086319
569 -0.266756 0.079338 0.168003 -0.364951 0.030496
728 -0.258070 0.175051 0.023187 -0.351307 0.078880
655 -0.224444 0.075885 0.038390 -0.375697 0.032142
733 -0.294214 -0.037493 0.131303 -0.391950 0.126844
735 -0.197490 0.154370 0.175728 -0.354381 -0.064001
552 -0.274727 0.182955 0.149267 -0.400894 0.126779
529 -0.316699 0.184328 0.148783 -0.349956 0.052908
690 -0.128816 0.140546 0.179741 -0.405844 0.053928
280 -0.317145 0.163828 0.012950 -0.221329 0.063592
482 -0.278140 0.243718 0.186786 -0.327818 0.075166
720 -0.379302 0.101448 0.053071 -0.272051 0.039413
731 -0.257319 0.216816 0.089518 -0.357134 0.114103
717 -0.326680 0.011538 0.139141 -0.280169 0.082686
576 -0.244942 0.183059 0.045808 -0.402358 -0.150157
439 -0.373894 0.132148 0.148537 -0.362036 -0.042444
712 -0.327266 0.162087 0.060913 -0.425149 0.032405
713 -0.297574 0.218473 0.011667 -0.369283 0.041433
729 -0.174182 0.168580 0.047505 -0.371289 0.098797
372 -0.172538 0.154449 0.090281 -0.354184 0.049241
393 -0.340708 0.086137 0.091523 -0.349239 -0.051978
716 -0.234444 0.111186 0.061968 -0.439876 0.190775
734 -0.278190 0.028909 0.003066 -0.343597 0.128164
730 -0.289835 0.228522 0.064045 -0.367164 0.108110
505 -0.187210 0.045829 0.021512 -0.455100 -0.003583
718 -0.188920 0.084485 0.134449 -0.386144 0.163024
736 -0.043968 0.008113 0.087264 -0.096585 -0.031148
724 -0.099895 0.005810 0.024872 -0.201534 0.083226
715 -0.004798 0.080177 0.105751 -0.158760 0.029738
