65 7
723 0.073922 -0.210294 -0.249354 0.106347 -0.032794 -0.049711 0.195389
702 0.010641 -0.219989 -0.357264 0.188508 -0.026427 -0.043311 0.259336
719 0.045273 -0.235048 -0.287924 0.222538 -0.056860 -0.109936 0.213253
633 0.076492 -0.207312 -0.287028 0.242432 -0.068309 -0.019874 0.164842
656 0.026053 -0.299788 -0.243087 0.132468 0.015579 -0.048503 0.135806
657 0.181720 -0.213339 -0.306615 0.155074 -0.060175 -0.170574 0.147412
681 0.049562 -0.300361 -0.204141 0.182719 0.058564 -0.174005 0.188688
660 -0.021187 -0.197935 -0.337708 0.050756 -0.023194 -0.118652 0.230191
132 0.102519 -0.222815 -0.283257 0.070383 -0.087626 -0.040760 0.243776
659 0.053275 -0.129912 -0.318932 0.135639 -0.039876 -0.179799 0.200121
577 0.068780 -0.168593 -0.317311 0.178466 -0.080303 -0.164117 0.097002
644 0.055490 -0.071533 -0.351074 0.142241 -0.078982 -0.209539 0.166519
725 -0.027284 -0.178592 -0.228946 0.111452 -0.051672 -0.121217 0.273858
710 0.075440 -0.129316 -0.363917 0.113863 0.010100 -0.125832 0.229565
707 0.153134 -0.261444 -0.266198 0.262312 0.007887 -0.100646 0.270221
572 -0.036788 -0.123289 -0.351996 0.227732 0.055583 -0.229415 0.198117
506 0.132504 -0.044087 -0.382366 0.140306 -0.021008 -0.195285 0.157371
722 0.091078 -0.203182 -0.284896 0.139323 -0.032699 -0.054956 0.261217
686 0.135835 -0.191881 -0.248807 0.115395 -0.019531 -0.137783 0.243576
351 0.065093 -0.215890 -0.233329 0.082573 0.005175 -0.139034 0.134162
634 -0.002801 -0.076718 -0.166186 0.229315 -0.060591 -0.116682 0.326573
726 -0.016153 -0.251773 -0.357430 0.038488 -0.035665 0.002382 0.264333
727 -0.040404 -0.176287 -0.356451 0.096080 -0.038133 -0.201900 0.127810
624 0.029711 -0.159250 -0.318017 0.164503 -0.016518 -0.048711 0.296691
600 0.053348 -0.197658 -0.209997 0.168136 -0.066440 -0.146493 0.237985
599 0.068443 -0.050742 -0.250134 0.183905 -0.022150 -0.215896 0.306244
553 -0.022337 -0.166511 -0.403668 0.189829 -0.108875 -0.100919 0.032395
407 0.155777 -0.190706 -0.281991 0.085754 0.026773 -0.257187 0.213473
721 -0.039525 -0.172468 -0.456415 0.100353 -0.088145 -0.086045 0.139434
483 0.034998 -0.249912 -0.314052 0.183797 -0.014349 -0.106819 0.164809
714 0.149800 -0.085008 -0.398498 0.167664 0.021844 -0.222345 0.242871
460 0.066414 -0.108185 -0.306221 0.120585 -0.027343 -0.188365 0.239588
691 -0.053652 -0.192652 -0.290437 0.086129 -0.073530 -0.101813 0.210973
606 -0.073509 -0.225937 -0.316231 0.157193 -0.052357 -0.140913 0.241655
669 0.122713 -0.207355 -0.306921 0.183535 0.004566 -0.217004 0.229923
708 0.017091 -0.150572 -0.344529 0.053991 0.023779 -0.134715 0.348970
732 0.077413 -0.146086 -0.327820 0.052101 0.030515 -0.113040 0.217070
569 0.010561 -0.107517 -0.356737 0.159481 -0.050578 -0.082927 0.227238
728 -0.009987 -0.098905 -0.387678 0.142186 -0.002147 -0.150077 0.201742
655 0.011139 -0.243123 -0.350610 0.143484 -0.033866 -0.115811 0.220854
733 0.139407 -0.229427 -0.357592 0.164857 -0.005421 -0.084779 0.182135
735 0.002260 -0.136635 -0.355021 0.109509 -0.084444 -0.157568 0.149412
552 0.091710 -0.153695 -0.449544 0.185662 0.051610 -0.162153 0.261942
529 -0.011480 0.011299 -0.509573 0.112930 -0.143358 -0.197004 0.200586
690 0.014340 -0.117072 -0.422901 0.138314 0.012275 -0.080745 0.174027
280 0.030552 -0.077834 -0.323250 0.154002 -0.018722 -0.062617 0.193818
482 0.113847 -0.065067 -0.411061 0.115684 0.011952 -0.152406 0.243334
720 0.114886 -0.108013 -0.404442 0.109851 -0.042527 -0.145413 0.281767
731 0.040814 -0.140875 -0.330206 0.182336 -0.038247 -0.272029 0.289829
717 0.098909 -0.172480 -0.323027 0.122622 -0.067781 -0.107974 0.181754
576 -0.009987 -0.210500 -0.342024 0.163027 -0.018212 -0.105732 0.228911
439 0.042598 -0.120439 -0.365652 0.099722 -0.053211 -0.129902 0.220616
712 0.002620 -0.127749 -0.389771 0.266762 -0.096715 -0.263126 0.234300
713 0.017399 -0.194903 -0.398640 -0.023919 0.041825 -0.268040 0.281409
729 -0.014509 -0.235246 -0.342036 0.072979 0.000233 -0.058187 0.180168
372 0.008088 -0.080964 -0.266492 0.072415 -0.079647 -0.120916 0.307129
393 -0.056246 -0.079044 -0.360246 0.200579 -0.017546 -0.159093 0.188029
716 0.057446 -0.093722 -0.422718 0.115675 -0.046170 -0.253784 0.330293
734 0.022761 -0.137282 -0.360333 0.135517 -0.013714 -0.156265 0.225931
730 0.002291 -0.150399 -0.445338 0.090346 -0.026008 -0.115743 0.199904
505 -0.060272 -0.113476 -0.310753 0.169914 0.056383 -0.142567 0.239437
718 0.048433 -0.096133 -0.307923 0.157279 0.010041 -0.137423 0.165173
736 0.080863 -0.081327 -0.149884 -0.027364 -0.031045 -0.003267 0.056303
724 -0.039204 -0.030140 -0.223601 0.007628 -0.025834 -0.122893 0.157017
715 0.067785 -0.052261 -0.144660 0.045779 -0.046602 -0.015017 0.102019
