327 5
110 -0.091490 -0.006924 0.143122 -0.070295 -0.181306
210 0.033340 0.086634 0.328352 -0.048852 -0.000107
290 -0.106823 0.046151 0.269775 -0.071328 -0.012876
140 0.076924 0.112390 0.189353 -0.097772 -0.056973
80 0.104861 0.085972 0.121843 -0.039463 -0.122309
260 -0.102826 -0.333968 -0.298196 0.074557 0.134515
300 -0.025430 0.345848 0.085160 -0.035060 -0.175553
330 0.090198 0.297361 0.434733 -0.096231 -0.090615
60 0.039335 0.405212 0.259825 -0.004705 -0.195058
160 0.090006 0.202169 0.163226 0.056604 -0.163528
230 -0.051384 0.168173 -0.151988 -0.169682 -0.041339
280 0.070490 0.516464 0.251850 -0.101771 -0.087323
130 0.135694 0.055391 0.081323 -0.057844 -0.058242
20 -0.186874 -0.130394 0.062519 0.014988 -0.124617
150 -0.046830 0.196335 0.134883 -0.093727 -0.168034
70 -0.101367 0.118080 0.076037 -0.035186 0.038788
320 0.026431 -0.052718 -0.163482 -0.014080 0.032880
120 0.271853 0.071045 0.049480 0.078677 0.174769
170 0.179331 0.108047 -0.130335 0.070094 0.001423
240 0.001154 0.280022 0.004045 -0.083350 0.054290
30 0.136933 -0.061118 -0.048184 0.034440 -0.020218
220 0.061008 0.143891 -0.021385 -0.195620 -0.007419
40 0.126414 0.097280 0.231520 -0.088980 0.001650
340 -0.184792 -0.150699 0.083593 0.017126 0.079016
100 0.104178 -0.083704 0.014927 0.138572 0.012959
10 -0.064137 -0.046625 0.120661 0.059712 0.065953
90 -0.251090 -0.225342 0.205446 0.021412 -0.122607
200 0.023392 -0.064669 -0.134568 0.054155 0.151810
50 -0.000221 0.031848 -0.031502 0.042100 -0.027508
190 -0.134263 -0.036169 -0.072975 -0.031537 0.054575
180 -0.117627 -0.209529 -0.160214 -0.120408 0.068805
270 0.209885 -0.266892 -0.201808 0.082663 0.177428
310 -0.072546 0.027065 0.049628 -0.154570 -0.047537
250 -0.135123 0.089761 0.253175 -0.136324 -0.015178
308 -0.088724 -0.139880 0.073354 -0.110160 0.091257
1 -0.021864 -0.027914 0.095868 0.113635 -0.057303
57 0.104951 0.314158 0.136929 -0.089530 -0.106415
147 -0.030820 0.050072 0.181018 0.008404 0.035291
33 0.057921 0.024154 0.028633 0.006638 -0.040191
334 -0.081270 -0.115502 0.015026 -0.094051 0.135650
255 -0.050570 -0.103145 -0.164680 0.003143 -0.014433
5 -0.107118 0.043980 0.104444 0.095338 0.085360
77 -0.025771 -0.010522 -0.058393 -0.103452 0.064388
26 -0.013962 0.057193 -0.058287 0.068373 0.066576
293 -0.032433 0.190325 0.208357 -0.056797 -0.053384
88 -0.292773 -0.233202 -0.083977 0.019839 -0.062056
83 -0.222752 -0.094893 0.072444 -0.080239 0.007321
174 -0.091994 -0.012625 -0.141012 -0.101026 -0.092467
241 -0.083541 0.088473 0.080803 0.004379 -0.041657
106 -0.116359 0.088961 0.072019 -0.120720 -0.141877
333 -0.102067 -0.055601 -0.120628 0.016764 -0.021033
175 -0.036585 -0.137728 -0.142842 -0.115466 -0.007013
256 0.034488 -0.085095 -0.094350 -0.039609 0.102003
229 0.069734 0.247308 0.089595 -0.021047 -0.003944
13 -0.049892 -0.095553 -0.060844 -0.038447 -0.074811
239 0.022881 0.010355 0.008079 0.059027 -0.005819
45 -0.169454 -0.085011 -0.127320 -0.043066 0.136054
42 -0.019950 -0.121118 -0.048260 0.021758 0.022764
43 0.074585 0.067462 -0.082135 0.131234 0.129279
12 0.016792 -0.022637 0.049984 -0.017660 -0.106509
216 0.035942 0.131193 -0.072659 -0.115485 -0.090886
95 -0.033311 0.079612 0.003869 0.074802 0.061763
25 0.047558 0.090577 -0.015649 -0.101955 0.070020
121 -0.014940 0.049547 0.004386 -0.036379 -0.019055
129 0.016027 -0.016716 -0.041780 0.004098 -0.039099
318 0.108411 0.170205 -0.024435 -0.074365 -0.066422
195 -0.146843 0.031638 0.010651 -0.059015 0.039378
301 -0.083578 -0.006034 0.093186 -0.033729 0.057586
305 -0.007263 -0.020393 0.035596 -0.042554 0.033295
38 0.039108 0.123826 0.083072 -0.082948 0.054023
246 -0.083414 -0.028898 -0.058596 -0.016187 0.003828
339 -0.075588 -0.192964 0.049054 0.039868 0.122997
189 -0.011083 0.100056 -0.058554 0.098714 0.007950
221 -0.041951 0.223621 0.015854 0.004277 0.003904
142 -0.009128 0.158012 0.084166 -0.033403 0.060993
161 0.140477 0.097913 -0.076517 -0.106398 -0.017014
282 -0.063411 0.155325 0.200234 0.009140 -0.031285
15 -0.082243 -0.022511 -0.048242 -0.103290 0.037039
19 -0.071729 0.057158 0.088174 -0.040767 0.029652
67 -0.101942 -0.011477 -0.083550 -0.034529 0.014184
322 0.154429 0.250675 0.138453 0.036804 -0.066092
155 0.037967 0.221507 0.082930 -0.021349 -0.120644
204 0.036162 0.053366 0.132129 0.022388 -0.026983
78 0.059322 0.007172 -0.077862 -0.050833 0.020126
219 -0.031813 0.027503 0.052912 -0.067349 -0.097416
22 0.090980 -0.055170 0.001798 0.087070 0.074371
29 -0.005929 0.090383 -0.017567 -0.026530 0.022165
281 0.003948 0.109946 0.139251 0.072390 0.051264
122 0.001233 -0.028665 0.036697 -0.025261 0.092132
265 -0.136755 -0.127061 -0.185127 -0.007516 0.055522
91 0.089129 -0.065088 -0.057877 0.065571 -0.095408
296 0.109681 0.319671 0.074561 0.006846 -0.113840
312 0.001671 0.042208 -0.054873 -0.079914 0.028486
193 -0.045892 0.048738 -0.115414 0.065646 -0.027438
192 -0.028016 -0.040325 -0.140455 -0.024049 0.063532
115 0.102431 0.043199 -0.059163 0.016875 0.135577
271 -0.058452 0.419846 0.208806 0.023457 -0.093462
111 0.143647 0.078969 -0.033326 -0.100253 0.023111
118 0.104721 0.010984 0.054032 -0.001889 0.054157
7 -0.079361 0.011480 0.072230 0.045056 0.028493
105 -0.099968 -0.033165 0.028021 -0.051799 -0.088082
258 0.044157 -0.042360 -0.031094 -0.053487 0.037576
259 -0.005479 -0.068682 0.009777 -0.039623 -0.009698
252 0.005917 -0.064919 -0.178394 0.029457 0.006928
172 -0.141173 -0.032382 -0.126885 0.028179 0.063438
183 -0.052663 0.082304 0.031183 0.065704 0.008759
184 -0.128322 0.081519 0.004438 0.085860 0.118049
196 -0.017742 -0.064767 -0.087234 0.093058 0.002741
317 0.071100 -0.003295 -0.054279 0.042965 0.114416
98 0.068058 0.110804 -0.043525 0.019725 0.017995
169 0.038571 0.106477 -0.109752 -0.045930 0.089373
165 0.175219 0.105546 -0.050297 0.038962 -0.076392
18 0.053678 -0.102148 0.085301 -0.076532 0.060597
314 0.092607 -0.004162 -0.105744 0.025626 0.088180
151 -0.006439 0.128672 0.026733 0.081028 -0.114139
233 0.132992 0.118650 0.107723 -0.058033 0.057075
329 0.043322 0.240435 0.257466 -0.129890 -0.119642
207 0.040121 0.011020 0.155781 -0.084939 -0.091901
68 0.085938 -0.073903 0.041079 0.004143 0.062258
263 -0.095855 -0.069834 -0.026646 0.133217 0.100923
261 0.040886 -0.140664 -0.017935 -0.068858 -0.039681
266 0.006487 -0.173523 -0.179924 0.028553 0.108312
217 -0.035114 0.005409 -0.006755 -0.085018 -0.011424
137 0.093979 -0.003926 0.116846 0.024045 0.010536
134 -0.012619 0.031670 0.104428 -0.040870 0.071793
8 -0.041918 0.085820 -0.033868 -0.051819 -0.067206
227 -0.079963 0.090810 0.038172 0.017257 -0.099108
54 0.058856 0.190432 0.123357 0.040794 -0.168107
53 0.007994 0.039294 0.024817 0.027817 -0.156447
297 0.077010 0.031636 -0.000349 -0.081625 -0.058030
295 -0.021147 0.207727 0.061961 0.055682 -0.032258
141 -0.054632 0.086273 0.136215 -0.089045 0.036159
177 0.039218 -0.030976 -0.030631 0.095110 -0.066586
146 -0.026299 0.109703 0.061662 -0.000991 -0.059387
245 -0.119303 -0.047665 0.042163 -0.067868 -0.029785
244 -0.074661 0.073886 0.043434 -0.072385 -0.002840
32 0.109596 -0.009727 0.024056 -0.022021 0.079930
336 -0.161087 -0.122873 -0.055796 -0.079335 0.038649
332 -0.120635 -0.099010 -0.073566 0.000081 0.126112
61 -0.066078 0.089449 -0.087289 0.092371 0.021782
178 -0.014351 0.005630 -0.080296 -0.028835 0.007821
311 -0.025169 0.109189 0.010817 -0.101998 0.078097
185 -0.110656 -0.049480 -0.103599 -0.005649 0.087860
316 -0.013451 0.070330 -0.021262 -0.074015 -0.037152
168 0.105248 -0.094574 -0.016052 0.115527 0.041271
114 0.152695 0.054063 0.091553 0.082593 0.051234
273 -0.035008 0.312019 0.122789 -0.047249 -0.079891
152 0.098196 0.095438 0.151084 -0.026503 -0.083797
277 0.081690 0.272593 0.201266 -0.149705 -0.048714
238 0.129002 0.100507 0.018399 0.030668 -0.063602
232 0.125682 0.172070 0.015376 -0.065906 0.047797
46 0.016738 -0.177918 -0.200746 -0.024676 -0.033499
323 0.119791 0.189229 0.180654 -0.091293 -0.127568
324 0.007528 0.287858 0.253866 0.048441 -0.151576
9 -0.032965 -0.090720 -0.045851 -0.042582 0.046136
203 0.002549 0.023222 0.144552 -0.096550 0.012479
76 -0.059216 0.056348 -0.074908 -0.115393 0.002260
96 0.116008 0.050603 0.046952 -0.028989 -0.055105
2 0.019290 -0.020789 0.071004 0.020986 -0.088833
144 -0.075566 0.135927 0.128710 -0.063324 -0.070989
262 0.000063 -0.066575 -0.155020 0.100021 0.140880
212 0.086009 0.115457 -0.062529 0.019626 0.084493
211 -0.011719 0.068889 0.046493 -0.130908 0.053953
264 -0.020274 -0.050175 -0.135778 -0.004158 -0.022314
136 -0.056000 0.112004 0.012192 0.005433 -0.028667
139 -0.014777 0.006252 0.162667 0.004076 -0.110086
138 0.078826 0.094764 0.133464 0.020667 -0.090364
28 -0.071292 -0.079899 0.002129 0.008450 0.009055
289 0.027794 0.006911 0.153279 -0.097423 -0.073646
288 0.051382 0.040577 0.168307 -0.024748 0.038142
124 0.091602 0.090234 0.041542 -0.055657 -0.049754
328 0.049882 0.234759 0.083960 -0.004126 -0.154578
59 -0.041581 0.194561 0.025976 -0.026653 -0.009733
52 0.004334 0.183582 0.104740 0.021974 -0.116992
113 -0.000457 0.116270 -0.014451 0.088717 -0.029262
82 -0.120513 -0.065453 0.027756 0.061936 -0.093099
81 -0.097701 -0.005488 0.066669 0.041526 0.012864
119 0.075344 -0.081894 -0.032716 0.038630 0.112925
304 0.012643 0.021257 -0.036994 0.046241 -0.105962
109 -0.055822 0.040520 0.046839 0.016216 -0.102661
243 -0.048724 -0.044614 0.107437 -0.085678 0.007107
31 0.112343 -0.027174 0.059342 0.055250 -0.012546
37 -0.050932 0.021779 0.147512 -0.062726 0.049448
94 -0.024545 0.019182 -0.009714 0.037702 -0.012044
335 -0.142165 -0.182925 -0.137418 -0.003557 -0.065744
64 -0.016932 0.047171 0.058906 -0.000056 0.015216
65 -0.087177 -0.011245 -0.064035 0.046332 0.002462
176 -0.116973 -0.092043 -0.165441 0.031962 0.051725
272 -0.005124 0.275198 0.124927 -0.100781 -0.074663
249 -0.094749 0.050846 0.006181 -0.077390 -0.015363
248 0.013067 -0.055851 0.030455 -0.059626 -0.016094
186 -0.108442 0.000933 -0.092718 0.067823 0.085173
188 -0.104166 0.004876 -0.064691 0.097264 0.099074
162 0.156885 -0.028291 -0.072024 -0.018323 0.017106
157 -0.033813 0.144692 0.120680 -0.007914 -0.085675
159 0.038362 0.135581 0.029792 -0.005423 -0.050095
62 -0.049180 0.114761 -0.079288 0.003636 -0.082428
36 -0.005675 0.015071 -0.007814 0.011397 0.044797
278 0.133904 0.111932 0.049314 0.000124 -0.121912
236 0.100359 0.197277 0.081764 -0.112924 -0.051339
49 -0.012957 -0.032222 0.011092 0.110071 0.120376
86 -0.031958 -0.073072 0.018639 0.035704 -0.044774
321 0.136591 0.180972 0.111724 -0.029691 -0.045130
327 0.023975 0.134258 0.039759 -0.071550 0.039125
205 0.112117 0.069860 0.089490 -0.093562 -0.022960
208 0.007770 0.139228 0.159901 -0.041941 -0.023354
71 0.045251 0.113759 0.030207 0.032346 -0.059345
126 0.027970 0.073161 0.026329 -0.022886 -0.038814
214 0.018622 0.089017 -0.035764 0.023997 -0.108511
313 0.107978 -0.066593 -0.090194 0.071071 0.036731
218 -0.068140 0.031413 -0.095772 -0.015348 0.039713
131 -0.055113 0.098569 -0.018765 0.045063 0.041809
135 -0.025818 0.110881 0.053039 -0.114516 0.008998
225 0.065045 0.082446 0.047850 0.017121 -0.055079
27 0.017371 -0.081971 -0.113011 -0.071292 -0.076988
223 0.008413 0.050086 -0.015120 -0.010928 0.041486
222 -0.069659 -0.031516 0.077421 -0.077359 -0.046586
163 0.001408 0.019546 -0.088326 0.042005 -0.032009
284 -0.017620 0.046975 0.138120 -0.055050 -0.021503
287 0.029931 -0.054161 0.080853 -0.012510 0.047968
128 0.070810 0.080773 0.044856 0.007514 -0.066606
69 -0.077901 -0.079470 -0.015642 0.062774 -0.055619
298 -0.034440 0.202349 0.045273 -0.113013 -0.037045
299 0.050957 0.025236 0.081498 -0.000293 -0.018104
291 -0.016684 0.171326 -0.030808 0.036323 -0.113661
199 -0.110125 0.050884 -0.119650 -0.021461 0.085548
85 -0.099469 0.011261 0.074068 -0.056022 -0.079631
173 -0.117147 -0.018556 -0.069101 -0.041983 0.022738
92 0.016889 -0.008898 -0.053505 0.024793 0.040716
302 0.046779 -0.025133 -0.022892 0.043858 0.045238
303 0.076189 -0.044132 -0.076621 0.064025 0.060284
103 0.046124 0.114774 0.088414 -0.093218 0.008918
39 0.022309 0.119362 -0.019878 0.084662 0.035581
182 0.077836 -0.034599 0.014655 -0.024414 0.066062
194 -0.071274 0.065256 -0.037704 0.062731 0.016301
97 0.077954 0.042033 0.020274 0.033495 -0.067544
167 0.005353 -0.052678 -0.076168 -0.069309 0.046279
117 0.112449 0.066348 0.111607 0.009735 -0.055994
274 0.053955 0.188064 0.242650 0.036602 -0.149924
153 -0.010782 -0.001904 -0.014368 0.072316 0.043341
234 0.060040 0.056421 -0.035950 -0.104090 0.055575
237 -0.054216 0.156706 -0.055755 0.005668 -0.079672
48 -0.016300 0.049975 -0.110639 -0.023411 0.104533
87 -0.004397 -0.111383 0.076473 -0.038024 0.031469
206 0.014775 0.120383 0.126613 -0.028199 -0.088980
148 0.018114 -0.012962 -0.044788 -0.072955 -0.124872
149 0.037212 0.052214 0.008735 0.034124 -0.091182
73 0.086892 0.100210 0.043499 0.038394 0.069881
72 0.021963 0.038207 0.013290 0.017074 0.024012
154 0.114290 0.038620 0.000626 0.036822 -0.087933
79 0.069208 0.030172 0.034058 -0.091378 -0.089935
279 0.000311 0.286005 0.183779 -0.084659 -0.043100
213 0.087280 -0.070896 -0.121612 -0.091641 0.080934
133 0.021057 0.047672 0.022588 0.079158 0.012479
132 0.099812 -0.054118 -0.042597 0.051256 -0.030890
24 0.017954 0.002092 0.049959 -0.074458 -0.038005
21 -0.070708 0.087773 0.004252 -0.064522 -0.049665
283 -0.009364 -0.065355 0.157061 0.050563 -0.117295
285 0.111998 0.145459 0.223358 0.042977 0.031203
123 0.047577 -0.057040 -0.009978 -0.037521 0.057529
268 -0.005305 -0.059222 -0.134904 -0.021017 0.115397
58 -0.072257 0.059315 0.153330 0.049106 -0.040664
55 0.091894 0.194569 0.132228 0.052364 -0.130639
197 -0.006867 -0.053324 -0.135859 0.036256 -0.017115
191 0.064046 0.084220 0.043766 0.097953 -0.041635
112 0.036764 0.070862 0.062304 -0.026925 -0.064385
84 -0.063822 0.032652 -0.003782 -0.055664 0.034892
102 0.090860 -0.089301 -0.002282 0.080089 -0.113598
104 0.049284 0.069004 0.123927 -0.047238 -0.008215
108 -0.074492 -0.022227 -0.006251 0.011147 0.063892
35 0.076233 -0.022532 0.054963 -0.068731 -0.009314
251 -0.073098 -0.117245 -0.062604 -0.091118 -0.065251
254 -0.072006 -0.004788 -0.070843 0.075545 0.007580
187 -0.010921 0.026650 -0.024488 0.076736 0.000472
276 0.105179 0.212409 0.115040 0.003076 -0.072044
99 0.038920 -0.063519 -0.092178 -0.053947 0.071984
228 -0.025246 -0.000313 0.063538 -0.044408 -0.106769
14 0.020886 -0.047747 0.077040 -0.019456 0.063375
16 0.010732 -0.001243 -0.057492 0.000604 0.074419
224 -0.081683 0.125577 0.017922 -0.127294 -0.069593
74 0.097483 0.098583 -0.023342 -0.108978 0.054882
267 0.099955 -0.170690 -0.000659 0.000403 0.056024
215 0.056801 0.004197 0.011947 -0.094092 -0.064456
286 -0.036295 0.116070 0.069016 -0.071368 0.043395
127 -0.081083 -0.018732 -0.080098 0.091582 -0.062377
51 -0.016577 0.057588 0.151167 -0.015934 0.041752
294 -0.074686 0.072133 0.081309 0.033786 0.038349
198 0.020051 0.057532 -0.099753 -0.042125 -0.048643
309 -0.073245 0.017625 -0.075633 0.041412 -0.070580
306 -0.108930 0.068923 0.105060 -0.067771 -0.084425
242 -0.018843 0.086587 0.040859 0.049573 -0.113520
101 0.063461 -0.013386 0.071469 -0.029576 -0.018740
107 -0.105585 0.053626 0.054327 0.044626 -0.024569
331 0.053876 -0.037987 0.053320 0.030830 -0.003342
179 -0.058830 0.063846 -0.083334 0.002703 -0.028520
164 0.078340 -0.086164 -0.030651 -0.090338 0.105649
66 -0.029202 0.091260 0.009301 -0.015743 -0.041653
275 0.020841 0.083557 0.185596 -0.106538 0.009647
158 -0.015630 -0.060078 -0.057952 -0.070154 -0.044211
235 0.129744 0.107046 0.024174 0.028913 0.013517
44 -0.059114 -0.045583 -0.075925 0.095314 0.065021
325 0.113688 0.228183 0.102409 -0.070529 -0.142975
201 0.099077 0.090024 0.150479 -0.087514 -0.081354
202 0.064927 0.045131 0.094541 -0.064180 0.010959
209 -0.030112 -0.061266 -0.015951 0.069535 0.066843
4 0.079970 -0.098996 -0.045343 0.028690 0.092406
125 0.078375 0.009643 0.064911 0.009689 0.046536
269 0.065730 0.036788 -0.093250 -0.074332 -0.047487
56 -0.012579 0.162838 0.066709 0.030645 0.046274
63 0.008272 -0.060165 0.028813 0.097267 0.076817
93 0.106477 0.005742 -0.023190 0.021726 -0.041735
89 0.040250 -0.108761 0.096960 0.060890 0.053529
226 0.104663 -0.031300 -0.044253 -0.030282 -0.035734
231 0.010127 0.079832 0.019890 -0.042154 0.040621
307 -0.059665 -0.047990 0.072997 0.006128 -0.041622
247 -0.098508 0.074868 -0.056088 -0.037146 -0.046385
338 0.042168 0.004820 -0.009550 -0.063956 0.047070
181 0.010984 0.004666 -0.086807 0.076204 0.090771
166 -0.068089 -0.069514 -0.096180 -0.060654 0.069789
156 0.041609 0.049456 -0.021232 -0.087654 0.064052
41 0.079757 0.037362 -0.037702 -0.075488 -0.055125
47 0.087143 -0.081432 0.049013 0.042097 0.007203
292 -0.073362 -0.071425 -0.084163 -0.085069 -0.015732
319 -0.057781 0.053290 0.085400 0.084278 0.033109
143 -0.082421 0.040592 0.046250 -0.020999 -0.099739
116 0.004725 -0.063919 -0.077524 -0.028603 -0.077684
145 0.010643 -0.051441 0.001393 -0.068459 0.084072
