65 8
723 0.293073 0.006921 -0.040437 0.115772 -0.205211 0.112036 -0.113205 -0.022312
702 0.322692 0.045193 -0.020648 0.208994 -0.239499 0.144241 -0.149621 -0.109053
719 0.372280 0.018532 -0.140644 0.150302 -0.248224 0.088786 -0.086749 -0.134065
633 0.326277 0.148349 0.011140 0.158951 -0.191142 0.118424 -0.157144 0.010711
656 0.302196 0.016027 0.022359 0.107554 -0.279025 0.084036 -0.165269 0.047730
657 0.298259 0.156456 -0.092193 0.129110 -0.197776 0.152377 -0.167266 -0.056291
681 0.318798 0.113449 -0.058641 0.054384 -0.251118 0.119295 -0.090774 -0.114548
660 0.345799 0.006278 -0.033677 0.129861 -0.180338 0.143875 -0.143411 -0.075157
132 0.303256 -0.025748 -0.019739 0.179764 -0.175609 0.160587 -0.263746 0.049664
659 0.259780 0.106753 -0.076294 0.149835 -0.212634 0.150168 -0.105080 -0.062499
577 0.268674 0.167955 0.087167 0.036296 -0.227441 0.128177 -0.339271 0.025895
644 0.308084 0.090755 -0.009861 0.071855 -0.200075 0.107624 -0.190043 -0.087015
725 0.309305 0.000051 -0.004904 0.136682 -0.172825 0.214174 -0.084933 0.016845
710 0.349546 0.009968 -0.001526 0.165940 -0.198023 0.087144 -0.074742 -0.156503
707 0.352617 0.065600 -0.005261 0.136624 -0.288527 0.170423 -0.148330 -0.054489
572 0.342102 0.062777 -0.108235 0.193433 -0.272366 0.074063 -0.154775 -0.135017
506 0.307328 0.160253 0.035268 0.117583 -0.205481 0.050870 -0.186682 -0.087878
722 0.315116 0.034044 -0.103711 0.167056 -0.223794 0.175943 -0.117611 -0.028081
686 0.252116 0.040484 0.033256 0.084400 -0.217038 0.202338 -0.282735 0.095633
351 0.251115 0.111502 0.076992 0.091078 -0.182722 0.075231 -0.126893 -0.010806
634 0.309898 0.099445 -0.055730 0.238601 -0.170986 0.144676 -0.026666 0.000989
726 0.343472 -0.002029 -0.030854 0.203037 -0.237427 0.154946 -0.222839 -0.110450
727 0.348576 -0.006828 0.108127 0.117399 -0.209833 -0.010457 -0.216538 -0.061178
624 0.318268 0.030353 -0.144364 0.190515 -0.166954 0.166239 -0.130567 -0.130437
600 0.356442 0.020972 -0.062105 0.177809 -0.203123 0.126202 -0.083201 -0.076965
599 0.388516 0.064200 0.048324 0.137983 -0.207849 0.059714 -0.031070 -0.024841
553 0.320526 0.090171 0.040805 0.102610 -0.197407 0.058790 -0.177951 -0.175100
407 0.296069 0.126292 -0.079350 0.084666 -0.226120 0.188181 -0.191503 -0.031948
721 0.388062 0.084942 0.032369 0.189468 -0.195469 0.050049 -0.035524 -0.209054
483 0.332076 0.035180 0.054465 0.174981 -0.223746 0.041079 -0.186127 -0.149761
714 0.362911 0.065475 0.051761 0.191949 -0.246048 0.100661 -0.147200 -0.172385
460 0.316976 0.028123 0.028057 0.131237 -0.234748 0.064485 -0.084738 -0.147006
691 0.339633 0.012547 0.025140 0.124482 -0.189277 0.069368 -0.122790 -0.154456
606 0.426451 0.069292 -0.035798 0.168383 -0.164902 0.084999 -0.052234 -0.184848
669 0.357868 0.077515 -0.071519 0.075535 -0.240635 0.150119 -0.141570 -0.060716
708 0.303112 0.020299 -0.062168 0.176378 -0.267099 0.137844 -0.181816 -0.074153
732 0.344306 0.024664 0.015273 0.077083 -0.208596 0.104496 -0.161917 -0.147547
569 0.349166 0.066605 0.049365 0.207805 -0.159550 0.100515 -0.071812 -0.126685
728 0.380564 0.111677 0.132318 0.097016 -0.219442 0.044804 -0.219585 -0.061620
655 0.402559 0.035368 0.073508 0.091323 -0.219280 0.122224 -0.093403 -0.125193
733 0.348876 0.024251 -0.012756 0.218384 -0.235402 0.077609 -0.152838 -0.061747
735 0.294152 0.089256 0.035019 0.159367 -0.177121 0.122417 -0.142078 -0.203634
552 0.356980 0.083584 0.032192 0.123775 -0.325298 0.115355 -0.274169 -0.100609
529 0.399013 0.095751 0.015649 0.170780 -0.184842 0.095790 -0.202323 -0.238081
690 0.320497 0.034352 0.092700 0.183269 -0.197712 0.009204 -0.179958 -0.203035
280 0.278529 0.082374 0.056951 0.051814 -0.233715 0.063513 -0.196002 -0.138482
482 0.384588 0.094861 -0.038442 0.121757 -0.187410 0.136144 -0.196268 -0.213922
720 0.347460 0.081435 0.095465 0.063540 -0.218539 0.203969 -0.247093 -0.132258
731 0.415294 0.019553 0.121157 0.128061 -0.250674 0.082127 -0.215402 -0.106500
717 0.287225 0.084709 -0.019229 0.100286 -0.253779 0.126193 -0.204050 -0.019581
576 0.417085 0.100999 0.023816 0.119242 -0.269485 0.096103 -0.115541 -0.139318
439 0.375399 0.070742 0.046558 0.081108 -0.270139 0.128392 -0.229618 -0.041403
712 0.466267 0.017677 0.034359 0.146151 -0.232992 0.122673 -0.169551 -0.096707
713 0.430195 0.059206 0.086285 0.125351 -0.219266 0.173979 -0.182835 -0.111133
729 0.276048 0.027638 0.042432 0.133973 -0.213928 0.049622 -0.159403 -0.082847
372 0.320282 0.037275 -0.065117 0.155320 -0.194487 0.152647 -0.131450 -0.105918
393 0.394373 0.040211 -0.011788 0.117425 -0.212891 0.081968 -0.084177 -0.115472
716 0.462409 0.014225 -0.010348 0.149078 -0.234079 0.095768 -0.217086 -0.127325
734 0.401547 0.053851 0.101246 0.201148 -0.256230 0.070332 -0.116845 -0.060441
730 0.387481 0.021216 0.045293 0.155440 -0.273448 0.020523 -0.268251 -0.137354
505 0.324415 0.123886 0.034315 0.171174 -0.143825 0.134513 -0.128301 -0.186437
718 0.368080 0.008081 0.093989 0.091907 -0.214792 0.148251 -0.164098 -0.122441
736 0.140380 0.005077 0.026173 0.057477 -0.073404 0.043056 -0.021777 0.010622
724 0.177189 -0.033896 0.022650 -0.008701 -0.039716 0.100168 -0.036910 0.014148
715 0.133751 0.032286 -0.033388 0.000526 -0.084202 0.029756 -0.089169 -0.031271
